0.006369
0.015556
0.016431
0.013642
0.003889
-0.006703
-0.013914
-0.014160
-0.009078
-0.003150
-0.002112
-0.003016
0.001284
0.007864
0.007987
0.001143
-0.001933
0.004155
0.007028
-0.002562
-0.014391
-0.015763
-0.006388
0.004756
0.012363
0.016967
0.016708
0.009564
-0.001282
-0.010480
-0.014202
-0.010767
-0.004728
-0.002997
-0.003354
0.000425
0.007446
0.010093
0.004363
-0.000521
0.003940
0.009004
0.002878
-0.010068
-0.015618
-0.009106
0.000968
0.009213
0.015708
0.018206
0.013694
0.003323
-0.006693
-0.012227
-0.011700
-0.006708
-0.004128
-0.004963
-0.002195
0.005554
0.010646
0.006694
0.000218
0.002993
0.009401
0.004888
-0.007997
-0.016021
-0.012891
-0.003892
0.003927
0.010974
0.015582
0.013660
0.006585
-0.002685
-0.010101
-0.011197
-0.007473
-0.005014
-0.006367
-0.005622
0.001745
0.008829
0.007026
0.000547
0.001747
0.009383
0.008558
-0.003537
-0.013930
-0.013911
-0.007192
-0.000300
0.006195
0.011795
0.012385
0.007401
-0.000391
-0.007756
-0.010094
-0.006908
-0.004038
-0.005183
-0.006408
-0.001214
0.006855
0.007084
0.000729
0.000307
0.007931
0.010140
0.000590
-0.010882
-0.013930
-0.009157
-0.003128
0.003063
0.008796
0.010433
0.007242
0.000265
-0.007575
-0.010859
-0.007519
-0.003421
-0.003922
-0.006501
-0.003460
0.004965
0.007139
0.000633
-0.001925
0.005573
0.011113
0.004932
-0.006806
-0.012940
-0.010728
-0.005560
0.000760
0.006972
0.009630
0.007396
0.000679
-0.008058
-0.013120
-0.010536
-0.005652
-0.004100
-0.005905
-0.004556
0.003252
0.007181
0.001518
-0.003449
0.001883
0.009532
0.006597
-0.004274
-0.011641
-0.011054
-0.006859
-0.000816
0.006430
0.010505
0.009646
0.003929
-0.005564
-0.012919
-0.013261
-0.008533
-0.005362
-0.006398
-0.004995
0.003055
0.009329
0.004478
-0.002255
0.000862
0.008270
0.008268
-0.000891
-0.009035
-0.010280
-0.006764
-0.000862
0.005616
0.010510
0.011441
0.007391
-0.001919
-0.011016
-0.013639
-0.010371
-0.006653
-0.007191
-0.006643
0.001572
0.010475
0.008457
0.001043
0.001167
0.008104
0.010179
0.002025
-0.007115
-0.010187
-0.007737
-0.002171
0.004627
0.010205
0.012205
0.009937
0.001686
-0.008530
-0.014069
-0.012871
-0.009151
-0.009402
-0.009814
-0.002088
0.009034
0.010261
0.002965
0.000986
0.007013
0.010246
0.003775
-0.005749
-0.010361
-0.009480
-0.004433
0.002597
0.008980
0.013075
0.012518
0.006125
-0.004017
-0.011882
-0.012407
-0.009478
-0.010038
-0.012099
-0.005945
0.006139
0.010635
0.005689
0.002849
0.008749
0.013900
0.008717
-0.001480
-0.008428
-0.010273
-0.007321
-0.000781
0.006467
0.012588
0.014891
0.010530
0.000785
-0.008316
-0.010605
-0.007962
-0.008570
-0.012791
-0.009902
0.001537
0.008157
0.004594
0.001336
0.006812
0.013783
0.011745
0.002703
-0.005529
-0.009679
-0.008832
-0.003657
0.003124
0.009903
0.014307
0.012648
0.003990
-0.006254
-0.010124
-0.007916
-0.008299
-0.012985
-0.011996
-0.001901
0.006340
0.004795
0.000533
0.004398
0.013077
0.014489
0.007269
-0.001310
-0.007339
-0.008693
-0.005491
-0.000189
0.006567
0.012458
0.013811
0.007968
-0.002136
-0.007708
-0.006270
-0.005637
-0.010682
-0.012474
-0.004331
0.004809
0.004629
-0.000683
0.000886
0.009314
0.013775
0.010146
0.003050
-0.003543
-0.006486
-0.004636
-0.000719
0.004917
0.011134
0.014008
0.010291
0.000895
-0.006026
-0.005392
-0.003733
-0.008043
-0.011768
-0.005732
0.004036
0.005516
-0.000238
-0.001365
0.005699
0.011289
0.009611
0.003537
-0.002658
-0.005554
-0.004777
-0.001724
0.002570
0.007932
0.012147
0.010384
0.001814
-0.006698
-0.007336
-0.004779
-0.008159
-0.012823
-0.008664
0.001843
0.006068
0.000859
-0.002513
0.002661
0.008663
0.008576
0.003847
-0.002571
-0.005929
-0.005205
-0.002625
0.001719
0.007247
0.012140
0.012171
0.004699
-0.004845
-0.007308
-0.003980
-0.006023
-0.012064
-0.010305
-0.000176
0.006595
0.002904
-0.001699
0.001673
0.007363
0.008667
0.005036
-0.001500
-0.006143
-0.006207
-0.003608
0.001098
0.007317
0.013053
0.015290
0.008749
-0.002149
-0.006478
-0.004361
-0.005556
-0.011977
-0.012586
-0.003062
0.005474
0.004109
-0.000565
0.001189
0.006947
0.009517
0.006375
-0.000091
-0.005571
-0.007910
-0.006534
-0.002122
0.003975
0.011122
0.015813
0.011490
-0.000122
-0.006854
-0.005490
-0.005974
-0.012431
-0.015195
-0.006572
0.004100
0.004908
0.000485
0.000870
0.005773
0.009340
0.007893
0.001620
-0.004888
-0.008453
-0.008681
-0.005348
0.000220
0.007923
0.015499
0.014639
0.004359
-0.004055
-0.004481
-0.004734
-0.011134
-0.016541
-0.010629
0.001222
0.004753
0.001120
0.000902
0.005459
0.010008
0.010273
0.005066
-0.001999
-0.007360
-0.009342
-0.007588
-0.003754
0.002729
0.011702
0.014697
0.007126
-0.001564
-0.002904
-0.002523
-0.008912
-0.016574
-0.013208
-0.001767
0.004196
0.002567
0.001455
0.004909
0.010238
0.012050
0.007953
0.001145
-0.005081
-0.008699
-0.008564
-0.006465
-0.001434
0.008111
0.014159
0.009620
0.001088
-0.001532
-0.000161
-0.005183
-0.014599
-0.014733
-0.005099
0.001777
0.001550
0.000257
0.002710
0.008255
0.012111
0.010455
0.004581
-0.002260
-0.006878
-0.008006
-0.007726
-0.004525
0.004220
0.011624
0.009258
0.001455
-0.001320
0.000828
-0.002259
-0.011648
-0.014624
-0.007077
0.000579
0.001560
-0.000325
0.000887
0.006405
0.011571
0.011900
0.007418
0.001052
-0.003463
-0.005098
-0.005669
-0.004030
0.003286
0.011655
0.010995
0.002451
-0.002165
-0.000013
-0.001091
-0.009524
-0.014194
-0.008266
0.000059
0.002424
0.000186
-0.000370
0.003691
0.009360
0.011738
0.008879
0.003108
-0.001884
-0.004073
-0.005235
-0.004986
0.001198
0.010115
0.011591
0.003700
-0.002822
-0.001882
-0.001363
-0.008420
-0.015075
-0.010654
-0.001563
0.002258
0.000844
-0.000769
0.002158
0.007370
0.010314
0.008949
0.003739
-0.001464
-0.003804
-0.004832
-0.006073
-0.001826
0.008142
0.012497
0.006399
-0.001580
-0.002200
-0.001027
-0.007834
-0.016001
-0.013977
-0.004570
0.001479
0.001461
-0.000423
0.000577
0.005409
0.008823
0.008329
0.004227
-0.001169
-0.003281
-0.004523
-0.006366
-0.003651
0.005974
0.013963
0.009804
0.000436
-0.001788
-0.000117
-0.006017
-0.015726
-0.016088
-0.008094
-0.000043
0.002619
0.001386
0.002313
0.006016
0.009858
0.010345
0.006013
0.000296
-0.002334
-0.003425
-0.006403
-0.005585
0.002962
0.012064
0.011390
0.002548
-0.000807
0.001154
-0.004136
-0.014917
-0.019088
-0.013179
-0.004296
0.000073
0.000341
0.000793
0.004436
0.009177
0.011115
0.007981
0.001305
-0.002599
-0.004118
-0.007259
-0.008219
-0.000836
0.009888
0.011266
0.003842
0.000043
0.002176
-0.000793
-0.011946
-0.018941
-0.015777
-0.008342
-0.003318
-0.002622
-0.001915
0.001957
0.008178
0.012586
0.010664
0.004458
-0.000317
-0.002738
-0.006627
-0.009751
-0.004101
0.007272
0.011823
0.005687
0.000627
0.003121
0.002003
-0.008131
-0.017019
-0.016824
-0.010452
-0.004955
-0.003861
-0.003830
-0.000823
0.005118
0.011206
0.012108
0.006547
0.001973
-0.000301
-0.004880
-0.009468
-0.006922
0.004022
0.011228
0.007225
0.001749
0.003530
0.004478
-0.003241
-0.012993
-0.015390
-0.010301
-0.005094
-0.003690
-0.004266
-0.002915
0.001955
0.008774
0.011906
0.008859
0.005061
0.003485
-0.000490
-0.007486
-0.007887
0.001916
0.011109
0.008933
0.003323
0.004547
0.006362
0.000462
-0.009370
-0.014231
-0.011035
-0.005034
-0.002869
-0.003586
-0.004003
-0.000877
0.005783
0.010209
0.008492
0.005680
0.005227
0.002338
-0.004688
-0.008461
-0.001491
0.008209
0.008456
0.002727
0.003316
0.006671
0.003081
-0.006063
-0.012787
-0.011283
-0.006353
-0.003605
-0.003764
-0.004263
-0.002625
0.003307
0.008748
0.007941
0.005034
0.004321
0.003324
-0.002529
-0.007736
-0.002863
0.007582
0.009273
0.003690
0.002578
0.005601
0.004171
-0.004577
-0.012920
-0.013456
-0.008184
-0.004166
-0.003073
-0.003926
-0.003410
0.001388
0.006702
0.006949
0.003712
0.002605
0.002699
-0.001281
-0.007239
-0.003829
0.006877
0.010524
0.005234
0.002615
0.005533
0.005258
-0.002198
-0.011059
-0.013378
-0.009663
-0.005103
-0.003170
-0.003786
-0.004228
-0.000225
0.006105
0.007369
0.003869
0.002073
0.002746
-0.001383
-0.008483
-0.006933
0.003967
0.010608
0.007653
0.004457
0.006112
0.006715
0.000365
-0.009309
-0.014264
-0.011836
-0.007193
-0.004099
-0.003698
-0.004644
-0.001705
0.004690
0.007646
0.004594
0.002078
0.002746
-0.000529
-0.008707
-0.009908
0.000152
0.008895
0.008077
0.005008
0.006562
0.008377
0.003503
-0.006646
-0.013330
-0.012845
-0.008675
-0.005006
-0.004256
-0.004979
-0.002280
0.004504
0.008926
0.007378
0.005097
0.005747
0.003004
-0.006128
-0.010990
-0.003266
0.007327
0.009432
0.007304
0.008906
0.011981
0.008949
-0.000976
-0.010067
-0.012509
-0.009688
-0.005456
-0.003513
-0.004487
-0.002862
0.003786
0.009300
0.008948
0.006994
0.007939
0.006577
-0.002197
-0.009664
-0.005473
0.003830
0.006948
0.005264
0.006504
0.010771
0.010644
0.002870
-0.006813
-0.011640
-0.010669
-0.006820
-0.004096
-0.004915
-0.004600
0.001316
0.007793
0.008406
0.006079
0.007404
0.008319
0.000573
-0.008612
-0.006727
0.001827
0.005688
0.003839
0.004095
0.008994
0.011006
0.005393
-0.003683
-0.009677
-0.010678
-0.007764
-0.004794
-0.005967
-0.006806
-0.001677
0.005799
0.008128
0.005965
0.007132
0.009406
0.003164
-0.007169
-0.008372
-0.000749
0.004296
0.002521
0.001006
0.004866
0.008718
0.005519
-0.002837
-0.009384
-0.011390
-0.008788
-0.005246
-0.005960
-0.007993
-0.004872
0.002714
0.006573
0.004833
0.005958
0.009540
0.005719
-0.004212
-0.008049
-0.002164
0.003846
0.003308
0.001087
0.003817
0.008177
0.006651
-0.000261
-0.007599
-0.011218
-0.008764
-0.004611
-0.004502
-0.007068
-0.005620
0.001565
0.006370
0.005151
0.005360
0.009224
0.007404
-0.002402
-0.008431
-0.004057
0.002608
0.003227
0.000774
0.003018
0.007515
0.006455
0.000078
-0.007891
-0.012851
-0.011255
-0.006478
-0.004594
-0.006774
-0.006223
0.000488
0.006074
0.005300
0.004532
0.008998
0.009561
0.000817
-0.007053
-0.005403
0.001423
0.003520
0.001087
0.002236
0.006707
0.007345
0.002078
-0.006198
-0.012622
-0.012765
-0.008126
-0.004686
-0.006215
-0.006961
-0.001136
0.005074
0.004881
0.003377
0.007116
0.009390
0.002968
-0.005876
-0.006686
-0.000223
0.003390
0.002113
0.002283
0.006200
0.008535
0.004852
-0.003466
-0.012246
-0.015214
-0.011766
-0.008141
-0.008555
-0.009669
-0.004017
0.004100
0.004963
0.002821
0.006276
0.010194
0.005017
-0.004792
-0.007717
-0.002160
0.002492
0.001517
0.001756
0.006120
0.009478
0.007969
0.000637
-0.008821
-0.014406
-0.012833
-0.008407
-0.008470
-0.010379
-0.005778
0.003452
0.006514
0.004489
0.007376
0.012324
0.009621
-0.000391
-0.005812
-0.001851
0.003036
0.003442
0.002861
0.006278
0.010669
0.011359
0.006643
-0.002700
-0.009850
-0.010227
-0.007058
-0.007227
-0.010435
-0.007499
0.001381
0.006019
0.005306
0.007786
0.013325
0.012331
0.003128
-0.004098
-0.002335
0.002396
0.002764
0.001947
0.004534
0.009003
0.011512
0.008501
0.000081
-0.008546
-0.010774
-0.007365
-0.007395
-0.012040
-0.011667
-0.003811
0.001714
0.001572
0.003941
0.010633
0.012597
0.004967
-0.003621
-0.004157
-0.000118
0.000991
-0.000087
0.001930
0.006708
0.010332
0.009724
0.002888
-0.006766
-0.011073
-0.008692
-0.007847
-0.012373
-0.014439
-0.008057
-0.001439
-0.000448
0.001541
0.008553
0.013594
0.009196
0.000568
-0.002117
0.000865
0.002258
0.000882
0.001620
0.005389
0.009667
0.010830
0.005789
-0.003360
-0.009071
-0.007190
-0.005238
-0.009527
-0.012430
-0.006873
-0.000328
0.000137
0.000479
0.007120
0.014203
0.012073
0.004305
0.001265
0.003569
0.004895
0.003665
0.003411
0.005844
0.010082
0.012604
0.009191
0.000307
-0.006980
-0.006652
-0.004250
-0.007720
-0.011671
-0.008054
-0.001860
-0.000738
-0.001603
0.002952
0.010276
0.010528
0.003606
-0.000931
0.001024
0.003467
0.002323
0.001145
0.002527
0.006516
0.010163
0.008892
0.000648
-0.008255
-0.009518
-0.006594
-0.009256
-0.014089
-0.011661
-0.004576
-0.002213
-0.003292
-0.000282
0.007227
0.009310
0.003180
-0.002521
-0.001710
0.001749
0.002453
0.001262
0.001864
0.005439
0.009776
0.009788
0.002370
-0.007834
-0.011406
-0.008658
-0.009815
-0.014697
-0.013717
-0.006337
-0.002539
-0.003321
-0.000985
0.006562
0.010554
0.004950
-0.001895
-0.002013
0.000760
0.002631
0.002754
0.003606
0.006867
0.011540
0.014015
0.009137
-0.001561
-0.007267
-0.004916
-0.005770
-0.012083
-0.013422
-0.007012
-0.002165
-0.003313
-0.002201
0.005024
0.010332
0.007164
-0.000205
-0.002706
-0.000328
0.001959
0.002252
0.002686
0.005846
0.011055
0.015003
0.011913
0.001852
-0.005275
-0.003987
-0.003755
-0.009338
-0.012046
-0.007260
-0.001175
-0.000740
-0.001489
0.004707
0.011928
0.011146
0.003968
-0.000993
-0.001614
-0.000934
-0.002785
-0.004081
-0.002069
0.003439
0.010067
0.010610
0.002048
-0.005792
-0.005350
-0.004257
-0.009227
-0.012698
-0.009248
-0.004018
-0.003520
-0.004176
0.000578
0.007302
0.007622
0.002585
-0.000802
-0.000965
-0.003512
-0.008983
-0.000770
0.026448
0.048391
0.054097
0.056299
0.048641
0.023054
-0.002363
-0.018859
-0.041039
-0.063949
-0.064954
-0.050965
-0.045334
-0.044730
-0.034735
-0.012361
0.011222
0.025150
0.032536
0.042028
0.049421
0.044855
0.028914
0.009732
0.003102
0.010993
0.015666
0.008784
0.000623
-0.008430
-0.025013
-0.040829
-0.058418
-0.080998
-0.091501
-0.080300
-0.060516
-0.044961
-0.031362
-0.013179
0.010315
0.033749
0.058437
0.082559
0.097660
0.106355
0.104611
0.082780
0.061043
0.059203
0.054108
0.029200
0.003052
-0.015332
-0.040232
-0.067974
-0.085993
-0.106890
-0.133945
-0.148102
-0.130850
-0.093084
-0.058823
-0.034233
-0.001964
0.043097
0.084400
0.114994
0.134718
0.140270
0.135446
0.115605
0.078395
0.044036
0.026643
0.011573
-0.010172
-0.026463
-0.040176
-0.059603
-0.077253
-0.096789
-0.124400
-0.144837
-0.133211
-0.092875
-0.054554
-0.032489
-0.007615
0.030914
0.072231
0.107997
0.133013
0.138643
0.137014
0.129827
0.096414
0.044443
0.009472
-0.004218
-0.020114
-0.034952
-0.035505
-0.033445
-0.039144
-0.056573
-0.085271
-0.119611
-0.141477
-0.133504
-0.105555
-0.076640
-0.046123
-0.005216
0.040852
0.079742
0.112070
0.137291
0.154794
0.160278
0.138986
0.092431
0.047061
0.014479
-0.018349
-0.047231
-0.052043
-0.043601
-0.044273
-0.054157
-0.068675
-0.094605
-0.127479
-0.142229
-0.125532
-0.096550
-0.069626
-0.036235
0.005549
0.042726
0.079868
0.120632
0.151276
0.164218
0.156520
0.124129
0.077761
0.037576
0.003740
-0.027957
-0.044461
-0.045091
-0.043986
-0.046691
-0.051196
-0.066178
-0.098778
-0.128997
-0.128406
-0.101776
-0.073989
-0.048040
-0.013381
0.025574
0.065326
0.105324
0.137363
0.157564
0.166056
0.150606
0.105991
0.056066
0.021052
-0.008925
-0.038082
-0.054131
-0.054040
-0.049610
-0.048034
-0.053957
-0.076092
-0.108329
-0.122065
-0.102452
-0.074077
-0.056470
-0.032559
0.004060
0.040509
0.069579
0.093524
0.115011
0.133297
0.136405
0.110498
0.071195
0.044124
0.022514
-0.004658
-0.025053
-0.027794
-0.024240
-0.026101
-0.033513
-0.051983
-0.088166
-0.122000
-0.126719
-0.111036
-0.098360
-0.079606
-0.044445
-0.007826
0.022559
0.054385
0.087192
0.114849
0.132652
0.129418
0.102223
0.070869
0.044164
0.015763
-0.010445
-0.022119
-0.024517
-0.029314
-0.035037
-0.041138
-0.061377
-0.098048
-0.122866
-0.116265
-0.095545
-0.073263
-0.046060
-0.016403
0.011447
0.041660
0.070696
0.093127
0.114680
0.130678
0.119782
0.089119
0.062834
0.042093
0.017162
-0.003958
-0.013229
-0.019947
-0.028183
-0.029803
-0.037221
-0.070928
-0.113729
-0.125867
-0.109729
-0.090879
-0.072458
-0.046503
-0.015189
0.017220
0.045823
0.069145
0.096136
0.126380
0.134587
0.113269
0.087529
0.069732
0.045842
0.017185
-0.001600
-0.011436
-0.020769
-0.024194
-0.024214
-0.043577
-0.085016
-0.112395
-0.110524
-0.101417
-0.093038
-0.073005
-0.043769
-0.016050
0.009856
0.035749
0.062151
0.094436
0.117992
0.114461
0.094170
0.076114
0.056391
0.026336
-0.002126
-0.016450
-0.025321
-0.034079
-0.036573
-0.040111
-0.062848
-0.093293
-0.106520
-0.103094
-0.091938
-0.069543
-0.040786
-0.014290
0.012711
0.041345
0.065160
0.089541
0.116973
0.128696
0.115794
0.096553
0.078142
0.049931
0.016580
-0.003429
-0.014815
-0.031123
-0.041893
-0.037536
-0.043262
-0.074748
-0.105385
-0.112640
-0.105672
-0.092611
-0.070209
-0.041343
-0.011335
0.019210
0.043422
0.065487
0.096165
0.122979
0.124628
0.107130
0.087763
0.064772
0.034132
0.007681
-0.009943
-0.027102
-0.039207
-0.032735
-0.026542
-0.049295
-0.085786
-0.104556
-0.106904
-0.103487
-0.089745
-0.063284
-0.032690
-0.001520
0.026669
0.049015
0.076414
0.110535
0.127488
0.115905
0.094894
0.077057
0.051901
0.018587
-0.007880
-0.023289
-0.034185
-0.034697
-0.024802
-0.028603
-0.056168
-0.085190
-0.100104
-0.104392
-0.097887
-0.079587
-0.056941
-0.029859
0.001763
0.028234
0.052953
0.087856
0.118834
0.123978
0.111828
0.098234
0.075827
0.038774
0.005857
-0.010389
-0.023759
-0.036607
-0.031442
-0.018709
-0.027904
-0.056733
-0.079775
-0.088248
-0.086468
-0.075028
-0.057174
-0.034607
-0.005924
0.020375
0.039259
0.061992
0.092374
0.111177
0.109468
0.097412
0.078070
0.048801
0.019715
0.002904
-0.011377
-0.031533
-0.037768
-0.024385
-0.022469
-0.048480
-0.078645
-0.095477
-0.103377
-0.101082
-0.086602
-0.064981
-0.034453
0.000228
0.024148
0.041993
0.072014
0.105207
0.116991
0.106707
0.089205
0.068872
0.042775
0.018603
0.002249
-0.016275
-0.031596
-0.027931
-0.018101
-0.027675
-0.053297
-0.076525
-0.093261
-0.100443
-0.094601
-0.079949
-0.055592
-0.022853
0.004037
0.020400
0.046193
0.085746
0.112569
0.112899
0.102206
0.090533
0.067747
0.036355
0.014333
-0.001987
-0.023567
-0.035813
-0.027324
-0.021189
-0.036087
-0.060326
-0.081727
-0.096368
-0.097150
-0.086104
-0.069815
-0.046551
-0.018786
0.003227
0.025612
0.059744
0.095115
0.115582
0.120963
0.116525
0.098607
0.066866
0.037811
0.015175
-0.013455
-0.039330
-0.040555
-0.027526
-0.028197
-0.044958
-0.066339
-0.084552
-0.090017
-0.083654
-0.075262
-0.062390
-0.037395
-0.012216
0.002784
0.021448
0.054784
0.089136
0.107797
0.111538
0.106269
0.087869
0.060591
0.035540
0.010660
-0.016103
-0.028984
-0.020578
-0.011670
-0.019930
-0.040545
-0.064180
-0.080687
-0.086137
-0.086023
-0.079702
-0.057663
-0.029917
-0.014842
-0.001544
0.030310
0.072495
0.101252
0.111875
0.116128
0.107607
0.079019
0.044938
0.016202
-0.014134
-0.039421
-0.042003
-0.030585
-0.027480
-0.036741
-0.055651
-0.078353
-0.093847
-0.097684
-0.093422
-0.079579
-0.057335
-0.038304
-0.023608
0.001697
0.041546
0.081231
0.108200
0.125692
0.129240
0.110894
0.080179
0.050095
0.018191
-0.015939
-0.035439
-0.033063
-0.024349
-0.022285
-0.033959
-0.059241
-0.083256
-0.092415
-0.094412
-0.094269
-0.081984
-0.058323
-0.036462
-0.017134
0.012686
0.056046
0.096846
0.125034
0.139952
0.136227
0.113577
0.085402
0.055935
0.018057
-0.017452
-0.030364
-0.025695
-0.021881
-0.030088
-0.052155
-0.077160
-0.091120
-0.098491
-0.106594
-0.102328
-0.077841
-0.050929
-0.033584
-0.012260
0.026874
0.070959
0.104551
0.128107
0.138676
0.128432
0.105518
0.080982
0.048216
0.008372
-0.017574
-0.023843
-0.023706
-0.027158
-0.038080
-0.058380
-0.078756
-0.092235
-0.102415
-0.104301
-0.088999
-0.063957
-0.042887
-0.025034
0.002594
0.039407
0.073942
0.102329
0.123351
0.127851
0.113907
0.094721
0.072449
0.038574
0.004510
-0.016018
-0.024209
-0.024408
-0.024733
-0.039659
-0.068403
-0.091284
-0.103320
-0.111067
-0.107733
-0.086872
-0.058999
-0.038923
-0.019393
0.012112
0.048418
0.080577
0.109614
0.128242
0.125697
0.110593
0.094106
0.067537
0.028752
-0.004938
-0.022205
-0.024054
-0.020017
-0.028083
-0.054343
-0.080604
-0.096362
-0.110261
-0.118334
-0.106716
-0.079478
-0.056670
-0.041179
-0.017514
0.017216
0.053322
0.086919
0.115744
0.127531
0.122501
0.115121
0.099487
0.063817
0.023258
-0.001212
-0.010248
-0.012348
-0.016191
-0.032968
-0.058527
-0.079585
-0.095773
-0.109390
-0.109587
-0.089569
-0.062902
-0.045968
-0.030961
-0.003561
0.031700
0.064888
0.095019
0.117484
0.123520
0.118877
0.106971
0.079705
0.043001
0.012252
-0.007536
-0.017507
-0.016512
-0.020141
-0.040634
-0.065049
-0.082523
-0.097210
-0.108198
-0.101988
-0.078969
-0.058007
-0.044097
-0.022480
0.011535
0.045599
0.078088
0.110354
0.127512
0.123634
0.112371
0.095311
0.065082
0.027189
-0.005573
-0.024683
-0.025996
-0.021701
-0.030926
-0.051278
-0.068592
-0.083053
-0.100101
-0.109911
-0.099897
-0.079858
-0.064818
-0.050706
-0.027232
0.003217
0.038289
0.078498
0.108523
0.116643
0.116978
0.115330
0.096894
0.059063
0.020321
-0.007851
-0.019925
-0.017425
-0.018108
-0.033347
-0.053014
-0.067348
-0.083957
-0.103875
-0.109261
-0.093830
-0.074283
-0.061499
-0.044473
-0.016437
0.017784
0.055648
0.091130
0.111869
0.121010
0.125909
0.117328
0.089223
0.053054
0.017787
-0.009073
-0.015585
-0.009892
-0.014510
-0.031365
-0.048111
-0.064784
-0.088299
-0.104936
-0.099688
-0.083131
-0.070843
-0.056457
-0.031044
-0.002529
0.027376
0.064586
0.099083
0.118005
0.124001
0.121213
0.104102
0.074738
0.038507
0.002664
-0.017480
-0.016690
-0.014022
-0.026226
-0.045407
-0.060540
-0.077257
-0.095845
-0.102538
-0.092857
-0.077723
-0.061503
-0.040272
-0.017684
0.005423
0.041081
0.082504
0.108022
0.115650
0.117535
0.108928
0.085822
0.055464
0.020036
-0.010493
-0.019736
-0.013760
-0.016309
-0.033028
-0.046924
-0.057909
-0.077274
-0.097595
-0.099348
-0.085113
-0.070457
-0.056694
-0.038594
-0.014633
0.018866
0.059465
0.092274
0.110437
0.120592
0.119770
0.103775
0.079780
0.049832
0.013571
-0.012247
-0.017595
-0.019296
-0.032971
-0.047693
-0.056844
-0.073309
-0.096594
-0.105420
-0.094032
-0.081159
-0.071399
-0.052918
-0.027866
-0.001037
0.032973
0.070918
0.097419
0.112864
0.120429
0.114045
0.096570
0.072932
0.039933
0.004151
-0.015639
-0.018959
-0.025122
-0.037886
-0.047475
-0.057134
-0.075535
-0.091599
-0.091859
-0.083201
-0.072719
-0.055397
-0.035559
-0.019371
0.004093
0.040596
0.074090
0.096881
0.113711
0.119116
0.110398
0.093903
0.066523
0.025724
-0.008880
-0.018955
-0.020582
-0.032505
-0.046025
-0.050810
-0.059638
-0.080188
-0.094014
-0.089957
-0.076372
-0.058620
-0.039512
-0.025740
-0.011884
0.016333
0.051664
0.079741
0.101380
0.114575
0.114560
0.104301
0.083319
0.045485
0.003117
-0.017205
-0.018231
-0.024839
-0.037623
-0.040062
-0.041579
-0.063047
-0.089090
-0.094744
-0.085903
-0.074353
-0.058202
-0.041938
-0.031176
-0.011815
0.022015
0.055460
0.083206
0.106775
0.118804
0.114560
0.099414
0.072227
0.030140
-0.006651
-0.019919
-0.022211
-0.028840
-0.033339
-0.033092
-0.045606
-0.070143
-0.083783
-0.082818
-0.078344
-0.068538
-0.053495
-0.044592
-0.035473
-0.010245
0.024088
0.057145
0.089030
0.111109
0.114876
0.107863
0.094941
0.063535
0.017300
-0.011842
-0.015184
-0.016579
-0.026652
-0.030921
-0.032411
-0.047450
-0.067292
-0.075644
-0.075044
-0.070057
-0.058102
-0.047991
-0.045622
-0.034847
-0.007581
0.026720
0.061219
0.090903
0.106725
0.109450
0.107047
0.088562
0.044978
0.004430
-0.007601
-0.008799
-0.020027
-0.026377
-0.021390
-0.028386
-0.051915
-0.069771
-0.075686
-0.077015
-0.068512
-0.052989
-0.046720
-0.042241
-0.021213
0.010590
0.041298
0.071012
0.095318
0.105592
0.106355
0.099251
0.071659
0.029751
0.001086
-0.006943
-0.014075
-0.021982
-0.018206
-0.015566
-0.032057
-0.056187
-0.070533
-0.078186
-0.077745
-0.064423
-0.052295
-0.046413
-0.032752
-0.008334
0.017888
0.047686
0.079418
0.096968
0.098511
0.099389
0.092322
0.059874
0.018993
0.000346
-0.003334
-0.010733
-0.012079
-0.003955
-0.010061
-0.035785
-0.059862
-0.076024
-0.088289
-0.086008
-0.071884
-0.064077
-0.059836
-0.045127
-0.020109
0.012384
0.050142
0.078681
0.091209
0.102908
0.111606
0.093223
0.050232
0.018740
0.009863
0.001351
-0.007559
-0.002390
0.001505
-0.016582
-0.043713
-0.064368
-0.082929
-0.090964
-0.080952
-0.070943
-0.070652
-0.063751
-0.042868
-0.015696
0.016706
0.052958
0.080674
0.099078
0.113727
0.111973
0.081488
0.043360
0.023193
0.012624
-0.000912
-0.005093
0.001564
-0.003496
-0.026536
-0.050323
-0.070521
-0.084409
-0.081868
-0.071649
-0.069584
-0.067141
-0.053536
-0.035102
-0.009043
0.031904
0.070152
0.090726
0.104739
0.116498
0.104571
0.067370
0.035291
0.019226
0.003095
-0.009915
-0.005848
-0.000890
-0.015306
-0.036168
-0.053018
-0.069940
-0.079047
-0.074314
-0.068558
-0.068568
-0.066258
-0.057628
-0.038666
-0.001330
0.041172
0.068579
0.086644
0.109687
0.120956
0.099081
0.062583
0.038909
0.022387
0.003952
-0.002059
0.004377
-0.000491
-0.016965
-0.033671
-0.055661
-0.078804
-0.084369
-0.078035
-0.079180
-0.083071
-0.076881
-0.060985
-0.032117
0.009334
0.046978
0.072005
0.097727
0.123518
0.122702
0.090675
0.058176
0.037458
0.014738
-0.004073
-0.002668
0.003688
-0.002601
-0.017014
-0.038725
-0.066265
-0.081570
-0.081239
-0.082763
-0.088358
-0.085514
-0.075601
-0.058899
-0.025038
0.019426
0.054227
0.082357
0.116641
0.138664
0.123512
0.089208
0.063065
0.037834
0.008572
-0.002910
0.003797
0.002823
-0.009867
-0.025915
-0.049422
-0.074708
-0.086744
-0.087826
-0.088187
-0.085354
-0.079501
-0.072354
-0.051603
-0.011768
0.028846
0.058832
0.091330
0.126240
0.134900
0.111084
0.082141
0.058501
0.030192
0.009182
0.007639
0.007290
-0.002151
-0.013092
-0.032349
-0.064096
-0.087762
-0.090526
-0.086315
-0.083545
-0.079556
-0.075740
-0.065888
-0.035561
0.008459
0.042839
0.069240
0.103601
0.129478
0.121123
0.091460
0.067148
0.044525
0.020099
0.008840
0.009173
0.007424
0.001082
-0.014264
-0.045126
-0.076189
-0.087770
-0.088167
-0.089184
-0.088202
-0.085829
-0.082828
-0.065203
-0.025876
0.014470
0.043584
0.077872
0.117470
0.131322
0.111925
0.088212
0.066998
0.036692
0.011407
0.006261
0.006980
0.001237
-0.009307
-0.029805
-0.059545
-0.080309
-0.086128
-0.089088
-0.091523
-0.088713
-0.084723
-0.076598
-0.049849
-0.009578
0.023271
0.051912
0.089884
0.120839
0.121860
0.105992
0.088090
0.059778
0.028515
0.013612
0.008459
0.000032
-0.006163
-0.013352
-0.035537
-0.063297
-0.078370
-0.083554
-0.086936
-0.085199
-0.081532
-0.080776
-0.068095
-0.032704
0.005789
0.031983
0.062871
0.104459
0.127955
0.120964
0.102698
0.079931
0.048492
0.021020
0.005629
-0.004613
-0.008960
-0.007558
-0.017431
-0.043468
-0.066284
-0.076116
-0.079656
-0.079302
-0.076387
-0.078500
-0.078094
-0.056166
-0.019593
0.007748
0.032525
0.075636
0.116970
0.126876
0.116779
0.101023
0.071589
0.034271
0.009065
-0.003642
-0.010658
-0.009342
-0.009776
-0.028680
-0.056017
-0.071325
-0.075989
-0.077649
-0.075043
-0.073411
-0.076778
-0.070226
-0.043379
-0.011471
0.014352
0.048857
0.093410
0.121612
0.125908
0.117226
0.092089
0.052538
0.021435
0.006220
-0.003738
-0.006902
-0.003791
-0.011562
-0.034549
-0.055845
-0.067397
-0.074830
-0.076225
-0.072745
-0.076935
-0.084769
-0.072088
-0.037608
-0.006984
0.018599
0.058915
0.102455
0.123840
0.122748
0.105621
0.072504
0.037436
0.016698
0.004376
-0.004944
-0.004314
-0.001735
-0.013580
-0.034382
-0.050618
-0.062151
-0.067170
-0.064510
-0.067772
-0.081738
-0.082934
-0.057436
-0.028188
-0.008122
0.025267
0.075077
0.110800
0.121453
0.117864
0.098283
0.064163
0.034290
0.014227
-0.002640
-0.010257
-0.006879
-0.009605
-0.026114
-0.042914
-0.053544
-0.061712
-0.065069
-0.065546
-0.072508
-0.080420
-0.070891
-0.046290
-0.025108
-0.000398
0.041614
0.084160
0.108467
0.118860
0.115611
0.091657
0.058963
0.032777
0.011391
-0.003012
-0.003250
-0.000286
-0.010856
-0.028213
-0.042119
-0.057274
-0.071280
-0.073242
-0.071714
-0.080355
-0.084276
-0.064470
-0.037208
-0.018014
0.009615
0.052014
0.088446
0.109753
0.117877
0.105700
0.075977
0.046840
0.023518
0.004468
-0.002475
0.002333
0.001809
-0.010205
-0.026716
-0.046590
-0.066181
-0.072838
-0.070162
-0.077064
-0.089273
-0.079867
-0.053555
-0.036592
-0.021078
0.014078
0.057830
0.091341
0.111947
0.114979
0.095939
0.069386
0.047313
0.026030
0.009142
0.008101
0.013972
0.007939
-0.010946
-0.032639
-0.053641
-0.068865
-0.073119
-0.076610
-0.088889
-0.093751
-0.077415
-0.057741
-0.044919
-0.018639
0.026079
0.070309
0.103828
0.123121
0.118529
0.096508
0.072658
0.047525
0.021446
0.009480
0.012130
0.008788
-0.005455
-0.020350
-0.036564
-0.056921
-0.068143
-0.066375
-0.072657
-0.087968
-0.087961
-0.071527
-0.058145
-0.040831
-0.004625
0.040212
0.079629
0.109984
0.122833
0.112734
0.091431
0.068142
0.042172
0.020433
0.010761
0.006231
-0.002119
-0.013266
-0.028301
-0.050159
-0.067440
-0.066885
-0.064945
-0.078899
-0.090221
-0.080492
-0.064582
-0.053094
-0.030198
0.007642
0.048102
0.086620
0.115081
0.119848
0.103881
0.083216
0.058999
0.029442
0.007802
0.002316
0.001806
-0.004859
-0.015859
-0.031139
-0.049718
-0.058146
-0.056846
-0.067954
-0.088979
-0.091835
-0.077147
-0.065563
-0.052814
-0.024347
0.016052
0.060092
0.099695
0.119969
0.116826
0.102278
0.079660
0.046471
0.016952
0.004989
0.001751
-0.004083
-0.009597
-0.016464
-0.034100
-0.052926
-0.057709
-0.061130
-0.077602
-0.088134
-0.078336
-0.065584
-0.057674
-0.039619
-0.006330
0.033692
0.075371
0.110129
0.123174
0.113671
0.091193
0.060988
0.029855
0.009416
0.001942
-0.001191
-0.002713
-0.003363
-0.014308
-0.037312
-0.052028
-0.053671
-0.062764
-0.079275
-0.082396
-0.073068
-0.065540
-0.055101
-0.033041
-0.001326
0.039730
0.084838
0.112792
0.112940
0.098452
0.076817
0.046952
0.018548
0.004214
0.001082
0.000659
0.002206
-0.002061
-0.022995
-0.046006
-0.051398
-0.053227
-0.069119
-0.083511
-0.080351
-0.069910
-0.062532
-0.050971
-0.027653
0.008631
0.053663
0.091196
0.106830
0.104666
0.091877
0.067366
0.037153
0.016646
0.010134
0.008129
0.007330
0.006355
-0.007152
-0.031627
-0.044118
-0.043245
-0.054380
-0.075492
-0.082027
-0.075563
-0.070275
-0.062669
-0.045156
-0.019396
0.016204
0.058281
0.089515
0.101912
0.100627
0.086654
0.060736
0.036094
0.023034
0.016070
0.010430
0.008602
0.003469
-0.015608
-0.036413
-0.042972
-0.047075
-0.063266
-0.079340
-0.082775
-0.079675
-0.073851
-0.062863
-0.046604
-0.019781
0.022848
0.066714
0.094537
0.105979
0.104285
0.088278
0.062537
0.040659
0.025669
0.012266
0.005312
0.005396
-0.004058
-0.027625
-0.042400
-0.042736
-0.050787
-0.069700
-0.080454
-0.078968
-0.074765
-0.068821
-0.059434
-0.042783
-0.008294
0.039485
0.080160
0.104568
0.116347
0.112568
0.089932
0.060800
0.037028
0.017156
0.003662
0.002182
0.000097
-0.018418
-0.038606
-0.042873
-0.045318
-0.060063
-0.075345
-0.080065
-0.078868
-0.074951
-0.067806
-0.056576
-0.031490
0.011965
0.059526
0.095842
0.118716
0.125922
0.110051
0.077188
0.045991
0.023498
0.006551
-0.001053
-0.000089
-0.007880
-0.027542
-0.038819
-0.038920
-0.046488
-0.063196
-0.075220
-0.080724
-0.082908
-0.079070
-0.071847
-0.058223
-0.025043
0.024822
0.072157
0.106468
0.125628
0.121974
0.094952
0.062657
0.038340
0.017918
0.002329
0.001108
0.002542
-0.012171
-0.030352
-0.033945
-0.035319
-0.048262
-0.064317
-0.075401
-0.081586
-0.079983
-0.074254
-0.068339
-0.049324
-0.007301
0.043966
0.086584
0.114697
0.124747
0.112090
0.084626
0.057549
0.033694
0.011960
0.002851
0.006045
-0.000234
-0.020146
-0.032009
-0.032853
-0.041472
-0.060128
-0.075499
-0.083875
-0.085024
-0.078696
-0.071639
-0.060853
-0.031288
0.016019
0.061331
0.094066
0.115597
0.119465
0.100688
0.072172
0.046792
0.022422
0.004116
0.002967
0.005150
-0.008692
-0.026394
-0.031678
-0.036175
-0.051157
-0.068002
-0.079881
-0.085188
-0.080154
-0.070902
-0.063946
-0.047974
-0.012999
0.029887
0.067202
0.098016
0.116098
0.109922
0.086362
0.062524
0.039427
0.015415
0.005581
0.011209
0.008371
-0.008967
-0.021727
-0.026349
-0.036554
-0.052755
-0.067487
-0.077382
-0.077862
-0.070137
-0.064106
-0.059316
-0.041300
-0.006570
0.033064
0.070013
0.100135
0.111859
0.100077
0.079024
0.057968
0.032203
0.010908
0.009505
0.013694
0.001184
-0.017007
-0.024450
-0.030117
-0.042430
-0.056577
-0.069591
-0.076319
-0.071165
-0.064477
-0.066581
-0.063563
-0.039216
-0.001116
0.037305
0.074122
0.103010
0.109107
0.095285
0.076619
0.052500
0.024566
0.011287
0.014010
0.008663
-0.009500
-0.021704
-0.025036
-0.030525
-0.041024
-0.054115
-0.065593
-0.067880
-0.063910
-0.066740
-0.072729
-0.063402
-0.034285
0.003277
0.044195
0.086040
0.111640
0.109895
0.094873
0.076405
0.048257
0.020609
0.012106
0.011179
-0.002072
-0.017890
-0.022637
-0.023776
-0.028331
-0.036070
-0.047334
-0.057596
-0.060614
-0.062062
-0.069214
-0.072033
-0.057361
-0.027585
0.009947
0.054096
0.093083
0.106679
0.099807
0.088501
0.066999
0.033312
0.010789
0.007876
0.003048
-0.010616
-0.019214
-0.020608
-0.021287
-0.024261
-0.034292
-0.050873
-0.061493
-0.062866
-0.067909
-0.077109
-0.074081
-0.052802
-0.020547
0.019967
0.065269
0.096517
0.104243
0.101106
0.089208
0.059174
0.025820
0.013669
0.013563
0.005319
-0.005799
-0.010317
-0.009954
-0.010156
-0.017562
-0.035367
-0.053243
-0.060298
-0.064257
-0.074582
-0.081451
-0.071375
-0.047933
-0.016385
0.027909
0.073884
0.098929
0.104103
0.101126
0.082550
0.047860
0.023392
0.019397
0.015126
0.003705
-0.003962
-0.006844
-0.010363
-0.016281
-0.028550
-0.047663
-0.061431
-0.065431
-0.072014
-0.082856
-0.083912
-0.070442
-0.047801
-0.009584
0.043417
0.085447
0.102302
0.106742
0.100731
0.073083
0.039115
0.023427
0.018960
0.011234
0.002579
-0.003985
-0.010082
-0.014676
-0.021458
-0.037458
-0.055582
-0.062965
-0.065047
-0.074798
-0.086333
-0.084486
-0.069191
-0.041804
0.003719
0.053864
0.084432
0.097267
0.102946
0.091001
0.059418
0.034457
0.028044
0.025257
0.017308
0.008144
-0.000309
-0.007438
-0.012616
-0.023156
-0.041470
-0.053705
-0.054850
-0.060218
-0.074476
-0.081161
-0.074650
-0.060031
-0.029739
0.017378
0.058788
0.082203
0.097457
0.100872
0.079542
0.049721
0.036126
0.032820
0.025030
0.014227
0.003777
-0.006387
-0.013477
-0.020319
-0.035134
-0.052157
-0.059745
-0.062813
-0.072313
-0.082363
-0.082233
-0.074645
-0.057379
-0.019841
0.027573
0.062943
0.086085
0.102192
0.098493
0.074213
0.051832
0.041786
0.033851
0.022090
0.009717
-0.001782
-0.010499
-0.014294
-0.021878
-0.039493
-0.054351
-0.057710
-0.062082
-0.073393
-0.079211
-0.077703
-0.072359
-0.049420
-0.004653
0.038554
0.067088
0.091523
0.106521
0.094906
0.067873
0.048414
0.036918
0.025784
0.015313
0.004949
-0.004226
-0.007146
-0.009465
-0.022905
-0.042205
-0.052546
-0.056067
-0.065001
-0.075998
-0.081320
-0.083389
-0.074553
-0.041403
0.004172
0.041804
0.075181
0.104960
0.110805
0.089476
0.063902
0.046960
0.033743
0.021688
0.011310
0.001802
-0.004064
-0.005072
-0.010568
-0.026595
-0.041272
-0.046296
-0.052864
-0.066420
-0.077047
-0.083079
-0.086059
-0.071578
-0.033086
0.010151
0.047276
0.083830
0.107830
0.101811
0.077474
0.056710
0.042285
0.030471
0.021482
0.012208
0.002289
-0.001254
-0.001251
-0.010375
-0.026414
-0.036475
-0.043762
-0.057535
-0.070719
-0.078163
-0.086401
-0.085902
-0.058321
-0.013993
0.025712
0.063123
0.098112
0.110198
0.094199
0.070059
0.051463
0.038410
0.029151
0.019494
0.007107
-0.000645
0.000580
-0.000323
-0.013075
-0.028921
-0.039566
-0.051302
-0.065973
-0.077288
-0.088079
-0.096561
-0.084028
-0.046891
-0.006020
0.031127
0.070938
0.100674
0.102116
0.082925
0.062716
0.047903
0.036994
0.027934
0.016304
0.004263
0.001761
0.005798
-0.001296
-0.019670
-0.032847
-0.040883
-0.054122
-0.068329
-0.078064
-0.088589
-0.090858
-0.068404
-0.031333
0.004166
0.042460
0.081776
0.101322
0.094815
0.077389
0.059677
0.044974
0.034767
0.024998
0.012836
0.005989
0.008558
0.006893
-0.007576
-0.023989
-0.035895
-0.050364
-0.065934
-0.074983
-0.084093
-0.094755
-0.088625
-0.060228
-0.025966
0.008823
0.050773
0.087961
0.101217
0.092946
0.076023
0.058683
0.045925
0.037699
0.027800
0.014751
0.007846
0.007485
0.000759
-0.014914
-0.029969
-0.042953
-0.057574
-0.067487
-0.073693
-0.086394
-0.094777
-0.080810
-0.052119
-0.021188
0.018594
0.064776
0.095893
0.101955
0.090323
0.072181
0.056374
0.047579
0.039069
0.022280
0.007221
0.004349
0.002830
-0.008770
-0.023457
-0.034572
-0.047268
-0.058634
-0.064146
-0.074372
-0.090760
-0.093883
-0.075819
-0.048164
-0.012864
0.033861
0.077477
0.099719
0.099240
0.086103
0.070708
0.059347
0.049950
0.034471
0.016068
0.006455
0.003782
-0.004528
-0.018691
-0.028865
-0.038454
-0.051560
-0.059597
-0.065908
-0.082849
-0.098631
-0.092692
-0.070119
-0.040980
-0.000188
0.048599
0.085779
0.100543
0.098498
0.086793
0.071541
0.059165
0.046449
0.027695
0.010607
0.003961
-0.000480
-0.011404
-0.020998
-0.027584
-0.039624
-0.051707
-0.058357
-0.071462
-0.091427
-0.098142
-0.085632
-0.063663
-0.031255
0.014254
0.059859
0.090539
0.102388
0.097210
0.081570
0.067121
0.056639
0.040663
0.018853
0.005235
0.001854
-0.004006
-0.013079
-0.018877
-0.027819
-0.042890
-0.053469
-0.061612
-0.078915
-0.095048
-0.093186
-0.077677
-0.055269
-0.019665
0.027881
0.071218
0.097084
0.102208
0.091502
0.076997
0.066856
0.055041
0.034439
0.015698
0.009551
0.006620
-0.001914
-0.009957
-0.018593
-0.035249
-0.050167
-0.056791
-0.069097
-0.089174
-0.098623
-0.092465
-0.078921
-0.052929
-0.007978
0.042928
0.081542
0.101257
0.102469
0.090326
0.076625
0.065550
0.048455
0.026077
0.013201
0.010844
0.005391
-0.004389
-0.013315
-0.026921
-0.043801
-0.052316
-0.057974
-0.073729
-0.090913
-0.095177
-0.087651
-0.070045
-0.036924
0.008471
0.053095
0.086371
0.102132
0.098318
0.084712
0.073732
0.061859
0.041302
0.021729
0.013773
0.008103
-0.002551
-0.011281
-0.020206
-0.036158
-0.048491
-0.051214
-0.059773
-0.079189
-0.092711
-0.091231
-0.080406
-0.059734
-0.023749
0.021939
0.064583
0.093219
0.100561
0.090201
0.078115
0.070809
0.057537
0.037008
0.022535
0.014807
0.004447
-0.005101
-0.011275
-0.024098
-0.041010
-0.048543
-0.053034
-0.067991
-0.084893
-0.090026
-0.085910
-0.074644
-0.048705
-0.007493
0.038060
0.075842
0.096552
0.096144
0.084599
0.076642
0.068571
0.049780
0.028781
0.017310
0.008578
-0.001873
-0.007777
-0.014398
-0.029284
-0.042623
-0.047731
-0.055772
-0.071464
-0.083996
-0.087710
-0.083790
-0.068243
-0.036587
0.006184
0.049682
0.083877
0.098584
0.094018
0.085751
0.080873
0.067069
0.042891
0.024206
0.012923
0.001115
-0.006621
-0.009676
-0.020572
-0.037334
-0.045004
-0.047722
-0.059125
-0.075363
-0.085812
-0.088912
-0.083197
-0.063341
-0.028658
0.014438
0.057514
0.088738
0.098220
0.092934
0.087649
0.079706
0.059346
0.035891
0.020486
0.008326
-0.001166
-0.004684
-0.011516
-0.026852
-0.037909
-0.040494
-0.047546
-0.063066
-0.076936
-0.084373
-0.087188
-0.080151
-0.056701
-0.019150
0.026327
0.070014
0.095797
0.098296
0.092848
0.088641
0.075098
0.050902
0.030753
0.017217
0.004376
-0.003235
-0.006451
-0.016387
-0.030215
-0.036739
-0.041025
-0.052373
-0.066223
-0.076661
-0.085294
-0.089088
-0.078580
-0.050539
-0.008947
0.039238
0.079051
0.095188
0.093621
0.090791
0.084134
0.065365
0.044160
0.028839
0.013967
0.001924
-0.001371
-0.006447
-0.020812
-0.032894
-0.036811
-0.043295
-0.056573
-0.069822
-0.081505
-0.091876
-0.092339
-0.075196
-0.041964
0.003119
0.051495
0.084702
0.093700
0.092760
0.091559
0.081500
0.061985
0.043242
0.025900
0.009624
0.002092
-0.000281
-0.010826
-0.025432
-0.031524
-0.034084
-0.043547
-0.057035
-0.069490
-0.082153
-0.090692
-0.085607
-0.064868
-0.030351
0.016534
0.061660
0.084747
0.089553
0.092941
0.091667
0.076634
0.056455
0.038797
0.020502
0.006559
0.002572
-0.002621
-0.016150
-0.027349
-0.031117
-0.037024
-0.049263
-0.062357
-0.074328
-0.084923
-0.088321
-0.078962
-0.055924
-0.017669
0.030341
0.068118
0.084942
0.092706
0.097071
0.089359
0.071578
0.053913
0.035128
0.015247
0.004603
0.001831
-0.006523
-0.020051
-0.028075
-0.032747
-0.042121
-0.053880
-0.064214
-0.075958
-0.086443
-0.086584
-0.074290
-0.049270
-0.007735
0.039631
0.070822
0.083706
0.091274
0.091725
0.079985
0.064289
0.048052
0.027810
0.011662
0.006674
0.002041
-0.010835
-0.023752
-0.030706
-0.037160
-0.045563
-0.054032
-0.064997
-0.077883
-0.084307
-0.081184
-0.068805
-0.038746
0.008852
0.051119
0.072142
0.082641
0.090155
0.086789
0.074029
0.059899
0.042510
0.023317
0.013322
0.010321
0.000594
-0.015483
-0.026833
-0.032310
-0.038960
-0.048274
-0.058412
-0.070782
-0.082641
-0.087626
-0.083581
-0.065383
-0.026123
0.021759
0.054710
0.071810
0.084658
0.089507
0.082040
0.070108
0.056231
0.037204
0.021138
0.015213
0.009234
-0.004082
-0.016590
-0.022773
-0.029144
-0.038858
-0.048312
-0.060265
-0.075844
-0.086831
-0.089033
-0.081930
-0.056627
-0.011189
0.032784
0.059970
0.077974
0.089944
0.089829
0.081161
0.070372
0.053931
0.033411
0.019688
0.012532
0.002967
-0.009242
-0.018249
-0.024743
-0.032610
-0.041149
-0.052034
-0.067206
-0.080320
-0.085956
-0.086681
-0.077279
-0.044320
0.003128
0.040776
0.064977
0.083418
0.092870
0.090676
0.083684
0.071462
0.050091
0.029391
0.018946
0.012349
0.000788
-0.011360
-0.018626
-0.025720
-0.034952
-0.044516
-0.056939
-0.071469
-0.080909
-0.085693
-0.086923
-0.070191
-0.029587
0.014024
0.044739
0.067810
0.085522
0.091579
0.088564
0.080178
0.062100
0.039366
0.025318
0.019489
0.011093
-0.000511
-0.009429
-0.017832
-0.028240
-0.037685
-0.047654
-0.061915
-0.075603
-0.084169
-0.091089
-0.088914
-0.062277
-0.018502
0.020761
0.051015
0.076762
0.092366
0.094921
0.090746
0.079958
0.060126
0.039812
0.027676
0.018852
0.007037
-0.005189
-0.016003
-0.027109
-0.036576
-0.043915
-0.055228
-0.070381
-0.081584
-0.089824
-0.096992
-0.087683
-0.052535
-0.008923
0.027536
0.059211
0.083412
0.092430
0.091831
0.087284
0.073210
0.051190
0.034262
0.025626
0.016411
0.003831
-0.007817
-0.018230
-0.027876
-0.035591
-0.045911
-0.062257
-0.076393
-0.084892
-0.095177
-0.099627
-0.079272
-0.038275
0.003554
0.040043
0.070085
0.086791
0.091488
0.091425
0.084334
0.066735
0.047451
0.034945
0.025129
0.012603
0.000395
-0.009607
-0.019647
-0.028788
-0.037529
-0.051014
-0.066569
-0.076481
-0.085742
-0.097770
-0.094968
-0.065905
-0.025359
0.012170
0.046186
0.072498
0.085469
0.090052
0.089971
0.080307
0.062268
0.045680
0.033575
0.021380
0.008854
-0.001865
-0.013171
-0.024271
-0.031566
-0.041224
-0.057364
-0.070267
-0.077884
-0.090350
-0.099827
-0.086307
-0.052820
-0.015927
0.020667
0.054641
0.076736
0.087381
0.093376
0.091479
0.076970
0.057707
0.043015
0.030986
0.017943
0.005683
-0.006406
-0.019325
-0.028222
-0.034851
-0.047910
-0.063240
-0.071258
-0.079144
-0.092285
-0.094949
-0.075521
-0.042875
-0.006070
0.032022
0.063091
0.081600
0.092973
0.098057
0.090073
0.071021
0.052449
0.038374
0.024234
0.009889
-0.002679
-0.015368
-0.025552
-0.030322
-0.038018
-0.053096
-0.063960
-0.068177
-0.079153
-0.092822
-0.088912
-0.065002
-0.032364
0.005322
0.043045
0.069936
0.085483
0.094857
0.094161
0.080081
0.061578
0.046278
0.031510
0.016260
0.003985
-0.007140
-0.018582
-0.025098
-0.029323
-0.040511
-0.052994
-0.058013
-0.065428
-0.081318
-0.089494
-0.078188
-0.053599
-0.020531
0.018461
0.052344
0.073021
0.085306
0.092650
0.089113
0.074782
0.058385
0.043589
0.028481
0.015125
0.004542
-0.007492
-0.018299
-0.023004
-0.029073
-0.041742
-0.052346
-0.059170
-0.072391
-0.087713
-0.088949
-0.073227
-0.045763
-0.008642
0.029984
0.057521
0.074027
0.087139
0.092605
0.084347
0.068641
0.053451
0.038496
0.023761
0.012284
0.000306
-0.012805
-0.018350
-0.019528
-0.028867
-0.042439
-0.050196
-0.059758
-0.077232
-0.089305
-0.084975
-0.066634
-0.037129
0.000485
0.034623
0.057765
0.075049
0.087265
0.087557
0.076260
0.061849
0.047672
0.032195
0.018574
0.006747
-0.006621
-0.016023
-0.018260
-0.024076
-0.037281
-0.046573
-0.052411
-0.065697
-0.081094
-0.085283
-0.076482
-0.057205
-0.026265
0.009884
0.038847
0.059460
0.076368
0.085785
0.082427
0.071676
0.060022
0.045139
0.029070
0.017112
0.005358
-0.007604
-0.014230
-0.016995
-0.026785
-0.038585
-0.044107
-0.052123
-0.067755
-0.080303
-0.082285
-0.074089
-0.052036
-0.016786
0.018128
0.043723
0.063575
0.079727
0.085911
0.080770
0.070389
0.056149
0.040107
0.028034
0.016997
0.002330
-0.008841
-0.012430
-0.018945
-0.031733
-0.040170
-0.044828
-0.056649
-0.073597
-0.084473
-0.085092
-0.072933
-0.044687
-0.008034
0.023757
0.047964
0.069303
0.084407
0.086179
0.078359
0.066966
0.052677
0.038910
0.027558
0.013149
-0.002509
-0.010139
-0.014159
-0.024430
-0.034825
-0.038589
-0.045336
-0.061573
-0.078125
-0.086499
-0.084562
-0.067811
-0.036378
-0.001971
0.026547
0.051645
0.073243
0.083822
0.082780
0.076168
0.064481
0.049521
0.037175
0.024545
0.007527
-0.005452
-0.009853
-0.016093
-0.027190
-0.034036
-0.038764
-0.051606
-0.069494
-0.082801
-0.088755
-0.083577
-0.061417
-0.027311
0.005832
0.033940
0.059285
0.077851
0.085503
0.084722
0.076611
0.061660
0.046944
0.034968
0.018668
0.000834
-0.007289
-0.009757
-0.017669
-0.027388
-0.032624
-0.040341
-0.055768
-0.072575
-0.085153
-0.090724
-0.081196
-0.053234
-0.018598
0.011238
0.038220
0.063566
0.080876
0.087665
0.085552
0.074478
0.059732
0.048002
0.034433
0.015196
0.001483
-0.002465
-0.009105
-0.021886
-0.030695
-0.035665
-0.046089
-0.061970
-0.077419
-0.088892
-0.089429
-0.071558
-0.040498
-0.009438
0.018554
0.046448
0.069614
0.082487
0.086035
0.080215
0.066377
0.053227
0.042447
0.026598
0.009197
0.000481
-0.004428
-0.015185
-0.026158
-0.031231
-0.037597
-0.050913
-0.067027
-0.081621
-0.090588
-0.085016
-0.061658
-0.030192
0.000196
0.029631
0.056841
0.075914
0.086270
0.087834
0.077273
0.061705
0.051160
0.039726
0.021063
0.005340
-0.001374
-0.009215
-0.020791
-0.027858
-0.032010
-0.041482
-0.055881
-0.070953
-0.085416
-0.092639
-0.082011
-0.055507
-0.025151
0.004571
0.034777
0.060529
0.077944
0.086951
0.083929
0.071272
0.060455
0.052340
0.036451
0.015849
0.003015
-0.004617
-0.015453
-0.025810
-0.031230
-0.037050
-0.047516
-0.060973
-0.076765
-0.091067
-0.092268
-0.074671
-0.047070
-0.018211
0.012454
0.042690
0.065699
0.080612
0.086810
0.081028
0.069963
0.062273
0.050947
0.030587
0.012955
0.004284
-0.004822
-0.017545
-0.026411
-0.031381
-0.039324
-0.051545
-0.066316
-0.082811
-0.093476
-0.087716
-0.067057
-0.040436
-0.009973
0.022563
0.050074
0.070697
0.085826
0.089563
0.081132
0.072094
0.064030
0.047527
0.027231
0.014496
0.005534
-0.007015
-0.018519
-0.024746
-0.031404
-0.042388
-0.055400
-0.070394
-0.086136
-0.092153
-0.080676
-0.057480
-0.029934
0.000818
0.031157
0.056228
0.076279
0.087670
0.084338
0.074059
0.067022
0.057529
0.040301
0.024492
0.015059
0.005210
-0.006762
-0.016194
-0.024249
-0.034628
-0.046084
-0.058962
-0.076410
-0.091619
-0.091328
-0.075355
-0.052494
-0.024235
0.008478
0.038413
0.063037
0.082227
0.088156
0.080840
0.073148
0.067019
0.052995
0.034283
0.021811
0.013461
0.002345
-0.009277
-0.018012
-0.026301
-0.036282
-0.047993
-0.064631
-0.084524
-0.095290
-0.089732
-0.073185
-0.049496
-0.018481
0.013753
0.041430
0.065426
0.080894
0.081482
0.075220
0.071062
0.062892
0.046108
0.030519
0.021296
0.011001
-0.002387
-0.013060
-0.020652
-0.029755
-0.040002
-0.051631
-0.068981
-0.086948
-0.093345
-0.085246
-0.067494
-0.041436
-0.010006
0.019300
0.046043
0.069709
0.081324
0.079689
0.075885
0.072113
0.060133
0.043096
0.030315
0.019813
0.007447
-0.003753
-0.012375
-0.022029
-0.031697
-0.039801
-0.053746
-0.075300
-0.091547
-0.092283
-0.080704
-0.060410
-0.031986
-0.002434
0.024948
0.052818
0.074311
0.080283
0.077209
0.075390
0.069689
0.055111
0.039727
0.028968
0.019054
0.007452
-0.002891
-0.012145
-0.021555
-0.029481
-0.040039
-0.059456
-0.081779
-0.093336
-0.091091
-0.078911
-0.056498
-0.027788
0.001045
0.031438
0.061186
0.078485
0.081189
0.081302
0.080013
0.068765
0.051369
0.037629
0.026543
0.013134
0.000864
-0.008055
-0.017319
-0.026094
-0.033576
-0.046505
-0.067625
-0.086002
-0.092651
-0.088962
-0.074307
-0.048965
-0.020176
0.008896
0.040292
0.066387
0.077221
0.078429
0.078129
0.072381
0.059031
0.045034
0.033730
0.021992
0.010951
0.002743
-0.006405
-0.017136
-0.024990
-0.033113
-0.049880
-0.071692
-0.086949
-0.092260
-0.086571
-0.067391
-0.040574
-0.013887
0.015593
0.047904
0.069821
0.076638
0.078495
0.078359
0.069794
0.054658
0.041142
0.029696
0.017953
0.007743
-0.001642
-0.012660
-0.021682
-0.026854
-0.037031
-0.056945
-0.077397
-0.089775
-0.091647
-0.080098
-0.057586
-0.032883
-0.006168
0.026473
0.055272
0.069242
0.074499
0.078574
0.076141
0.064695
0.051959
0.041262
0.029470
0.017536
0.007608
-0.003084
-0.013947
-0.019976
-0.025846
-0.041451
-0.063504
-0.081002
-0.090446
-0.089787
-0.075335
-0.052628
-0.028454
0.000675
0.033706
0.058076
0.069918
0.077097
0.080073
0.074049
0.062469
0.050869
0.038286
0.024699
0.013826
0.004541
-0.006042
-0.014313
-0.019199
-0.029382
-0.048314
-0.068254
-0.084229
-0.093467
-0.088295
-0.069218
-0.047513
-0.023784
0.008596
0.041019
0.060347
0.070126
0.077492
0.078336
0.070320
0.059155
0.046971
0.032754
0.019991
0.010467
0.000006
-0.011028
-0.017230
-0.022018
-0.034176
-0.052899
-0.071861
-0.087285
-0.092282
-0.081861
-0.063900
-0.044543
-0.016928
0.018101
0.045711
0.061156
0.072445
0.079614
0.076800
0.066709
0.054736
0.041195
0.027849
0.018328
0.009616
-0.001838
-0.010289
-0.012763
-0.018671
-0.033762
-0.052582
-0.071120
-0.085591
-0.086511
-0.073909
-0.058019
-0.037895
-0.007107
0.025752
0.048529
0.063628
0.075263
0.078805
0.072986
0.063304
0.052176
0.039331
0.027964
0.018542
0.006993
-0.003787
-0.007805
-0.010686
-0.021568
-0.038496
-0.057991
-0.079158
-0.091646
-0.086713
-0.073152
-0.058174
-0.033768
0.000768
0.031221
0.051116
0.065561
0.074571
0.074408
0.068114
0.059859
0.048565
0.035405
0.025034
0.015637
0.004388
-0.003645
-0.006669
-0.012494
-0.025136
-0.042556
-0.064938
-0.085671
-0.091551
-0.083757
-0.072966
-0.056003
-0.025634
0.008386
0.033487
0.050943
0.064337
0.070806
0.070071
0.065559
0.056835
0.044028
0.032927
0.024812
0.013947
0.002444
-0.002339
-0.004802
-0.013882
-0.028893
-0.048329
-0.072208
-0.089474
-0.090237
-0.081755
-0.069745
-0.046610
-0.012695
0.018046
0.039527
0.056314
0.068569
0.072939
0.070946
0.065017
0.054717
0.042817
0.033407
0.023391
0.010886
0.002270
-0.001118
-0.007078
-0.017737
-0.032087
-0.054293
-0.078842
-0.090252
-0.087645
-0.080836
-0.067050
-0.039744
-0.006979
0.020392
0.042484
0.060575
0.071025
0.073231
0.071071
0.064720
0.053364
0.042112
0.032866
0.021106
0.008763
0.002326
-0.001452
-0.008859
-0.019707
-0.036985
-0.062256
-0.082383
-0.086955
-0.083469
-0.077157
-0.059734
-0.029692
0.001811
0.028190
0.049936
0.065050
0.071680
0.073164
0.070418
0.060657
0.048174
0.038749
0.028283
0.014436
0.004920
0.001248
-0.004030
-0.012075
-0.023333
-0.044078
-0.069111
-0.083280
-0.085507
-0.084565
-0.076333
-0.052567
-0.019694
0.010654
0.035922
0.056235
0.068731
0.073915
0.074223
0.068042
0.056500
0.046102
0.036905
0.024035
0.011438
0.004933
0.000247
-0.006280
-0.013350
-0.026591
-0.050288
-0.072704
-0.083068
-0.086765
-0.086320
-0.072427
-0.044430
-0.014001
0.013120
0.038392
0.057902
0.067860
0.071854
0.071111
0.063001
0.051778
0.042910
0.032581
0.019091
0.009151
0.003583
-0.001936
-0.006651
-0.013448
-0.031429
-0.056912
-0.075131
-0.083267
-0.087407
-0.083668
-0.065368
-0.037560
-0.008719
0.019441
0.044054
0.059698
0.068341
0.073073
0.069943
0.059629
0.050648
0.042775
0.030065
0.017083
0.009726
0.004491
-0.000096
-0.003209
-0.013810
-0.037896
-0.063126
-0.077322
-0.084892
-0.089275
-0.081930
-0.059454
-0.030450
-0.001078
0.026881
0.048658
0.061999
0.070410
0.072934
0.066906
0.058199
0.051329
0.041122
0.027311
0.017249
0.011038
0.005156
0.001997
-0.002584
-0.019827
-0.045938
-0.065620
-0.076936
-0.086758
-0.089423
-0.075893
-0.050918
-0.023027
0.006246
0.033445
0.051990
0.063500
0.070937
0.070027
0.061926
0.054565
0.047281
0.035252
0.023414
0.016003
0.009115
0.003424
0.000864
-0.007739
-0.029157
-0.053094
-0.069227
-0.081065
-0.089592
-0.085956
-0.068085
-0.043245
-0.015101
0.014445
0.038344
0.054184
0.066097
0.071516
0.066906
0.058796
0.052396
0.042863
0.029976
0.020261
0.012559
0.004810
0.001844
0.000427
-0.012721
-0.037525
-0.058848
-0.072312
-0.083849
-0.089942
-0.082266
-0.062638
-0.037229
-0.007786
0.020522
0.041258
0.056496
0.067371
0.068755
0.062563
0.057125
0.051218
0.039930
0.028171
0.018871
0.009555
0.004058
0.004571
-0.000599
-0.020211
-0.043332
-0.059507
-0.072989
-0.085182
-0.087551
-0.076231
-0.056085
-0.029617
0.000048
0.025119
0.043783
0.058772
0.067300
0.066240
0.061528
0.057152
0.048297
0.035532
0.024419
0.014793
0.006425
0.003829
0.003478
-0.007251
-0.028388
-0.047961
-0.062974
-0.077153
-0.086510
-0.083931
-0.070590
-0.049348
-0.021083
0.007436
0.029821
0.047827
0.062358
0.068114
0.065987
0.062751
0.056422
0.044632
0.033386
0.024692
0.014536
0.007098
0.007767
0.005707
-0.009729
-0.031144
-0.048961
-0.064975
-0.079998
-0.086577
-0.081411
-0.066852
-0.042871
-0.013220
0.013187
0.033932
0.052667
0.066029
0.069014
0.066484
0.062074
0.053093
0.041549
0.031462
0.020359
0.009272
0.006643
0.008944
0.001894
-0.016395
-0.035611
-0.052270
-0.069339
-0.082664
-0.086006
-0.079029
-0.061819
-0.035095
-0.006270
0.018078
0.040179
0.059249
0.067954
0.067760
0.065507
0.059886
0.049175
0.038514
0.028609
0.016254
0.007849
0.008504
0.007861
-0.004226
-0.022656
-0.039933
-0.057867
-0.075704
-0.086196
-0.086388
-0.077004
-0.056870
-0.029125
-0.002455
0.021430
0.044373
0.060160
0.065382
0.066204
0.064361
0.056123
0.045428
0.036906
0.026287
0.014329
0.010135
0.012018
0.007150
-0.007982
-0.025969
-0.044126
-0.063454
-0.079019
-0.085948
-0.084312
-0.072237
-0.048221
-0.020100
0.004775
0.028495
0.049448
0.060866
0.064284
0.064539
0.059567
0.049899
0.041689
0.033378
0.020908
0.011543
0.011877
0.012987
0.003938
-0.012431
-0.029736
-0.048265
-0.066910
-0.080058
-0.085485
-0.081964
-0.065531
-0.039872
-0.014942
0.008117
0.032043
0.050677
0.059384
0.062906
0.062675
0.056188
0.047818
0.040728
0.030145
0.017632
0.013166
0.015935
0.013350
0.001315
-0.014155
-0.031520
-0.051700
-0.069711
-0.080819
-0.084560
-0.077436
-0.057807
-0.033669
-0.010645
0.013909
0.036962
0.050752
0.057325
0.061259
0.059405
0.052149
0.045652
0.038210
0.025618
0.015309
0.014857
0.016649
0.010509
-0.002110
-0.017505
-0.036414
-0.056046
-0.070997
-0.080441
-0.082506
-0.071525
-0.050164
-0.027024
-0.003268
0.021866
0.041707
0.053113
0.060446
0.063023
0.058179
0.051645
0.046366
0.036188
0.022013
0.014932
0.016258
0.015206
0.006840
-0.005844
-0.022240
-0.041156
-0.057971
-0.071058
-0.080349
-0.078931
-0.063248
-0.041676
-0.020024
0.004090
0.027549
0.043448
0.053067
0.059213
0.058542
0.053116
0.048994
0.043275
0.030786
0.019201
0.017484
0.019645
0.015976
0.006550
-0.006669
-0.024122
-0.042844
-0.059141
-0.073524
-0.081421
-0.075066
-0.057984
-0.038604
-0.016474
0.008747
0.029751
0.043125
0.052685
0.056817
0.053656
0.049174
0.045984
0.037669
0.024593
0.017539
0.018972
0.019640
0.015172
0.006244
-0.008668
-0.028516
-0.047157
-0.063821
-0.078225
-0.082242
-0.072210
-0.055346
-0.035255
-0.010510
0.013857
0.031332
0.044188
0.053100
0.054017
0.050051
0.047914
0.044081
0.032669
0.020603
0.017054
0.018485
0.017970
0.013308
0.002803
-0.014468
-0.032987
-0.049514
-0.066687
-0.079694
-0.079410
-0.067422
-0.050696
-0.029376
-0.004160
0.017607
0.033891
0.046802
0.053447
0.052532
0.050650
0.049945
0.042872
0.029472
0.020842
0.020557
0.021940
0.020056
0.013350
-0.000344
-0.018295
-0.035485
-0.053555
-0.072148
-0.081627
-0.076799
-0.063908
-0.046571
-0.022872
0.001814
0.021405
0.037261
0.048956
0.052257
0.050611
0.051001
0.049076
0.038720
0.026711
0.021935
0.022386
0.022005
0.018972
0.010300
-0.005576
-0.023372
-0.040659
-0.060025
-0.076349
-0.080314
-0.073160
-0.060146
-0.040199
-0.015419
0.006944
0.025403
0.041453
0.050869
0.051811
0.051362
0.051900
0.046527
0.034738
0.025778
0.023426
0.023281
0.022858
0.019129
0.007309
-0.009945
-0.026603
-0.044538
-0.064825
-0.077861
-0.078321
-0.071120
-0.057323
-0.035119
-0.010662
0.010163
0.029344
0.044976
0.051200
0.051515
0.053256
0.053203
0.044662
0.032473
0.025593
0.024057
0.024192
0.023373
0.016387
0.001607
-0.014453
-0.030532
-0.051155
-0.070797
-0.079625
-0.078364
-0.070317
-0.053408
-0.029944
-0.007001
0.014295
0.034091
0.046458
0.049839
0.051729
0.054635
0.051186
0.040119
0.030194
0.025878
0.024893
0.025246
0.022963
0.012909
-0.001723
-0.016159
-0.034037
-0.056125
-0.072813
-0.078651
-0.077179
-0.068063
-0.049280
-0.026323
-0.004006
0.018059
0.036679
0.046288
0.050056
0.054353
0.055789
0.048682
0.037649
0.029812
0.025580
0.024556
0.025665
0.021803
0.010108
-0.003240
-0.017825
-0.038351
-0.059740
-0.072724
-0.077379
-0.075200
-0.062725
-0.041936
-0.019803
0.002206
0.024238
0.039897
0.045979
0.049700
0.054165
0.052846
0.044105
0.034652
0.028366
0.025817
0.027680
0.028265
0.020689
0.008098
-0.004888
-0.022458
-0.045533
-0.065214
-0.076449
-0.080275
-0.074456
-0.058071
-0.036956
-0.014747
0.009724
0.031907
0.043887
0.048621
0.053946
0.057192
0.051905
0.041508
0.032294
0.026051
0.024777
0.026797
0.023988
0.014054
0.002947
-0.010115
-0.030549
-0.053271
-0.069532
-0.078296
-0.079524
-0.070110
-0.052003
-0.031002
-0.007651
0.017157
0.035786
0.044703
0.050443
0.056055
0.055760
0.048311
0.038948
0.030315
0.025235
0.026526
0.028227
0.022339
0.012228
0.001951
-0.014315
-0.037282
-0.057883
-0.071886
-0.079943
-0.078547
-0.065608
-0.047123
-0.026488
-0.002056
0.021757
0.036641
0.043819
0.050464
0.055018
0.052498
0.044962
0.036046
0.028160
0.025746
0.028433
0.027199
0.019346
0.010520
-0.001079
-0.020309
-0.042613
-0.061286
-0.075060
-0.081258
-0.075615
-0.061368
-0.043593
-0.021050
0.005163
0.026385
0.037785
0.045426
0.052650
0.054753
0.050183
0.041758
0.031774
0.024986
0.026044
0.028573
0.024125
0.016511
0.008913
-0.004724
-0.026151
-0.047546
-0.064243
-0.076038
-0.078953
-0.071315
-0.057251
-0.038414
-0.013771
0.011118
0.027536
0.036777
0.045167
0.051334
0.051181
0.045541
0.036670
0.027723
0.025238
0.028715
0.028410
0.022563
0.016261
0.006751
-0.011333
-0.033441
-0.052554
-0.068419
-0.078704
-0.078033
-0.067659
-0.052333
-0.031486
-0.005445
0.016918
0.030376
0.040036
0.048667
0.052525
0.050649
0.044408
0.034525
0.026981
0.027291
0.029557
0.026871
0.021942
0.016194
0.003926
-0.015556
-0.036031
-0.055067
-0.071340
-0.078833
-0.075085
-0.064774
-0.049372
-0.025864
0.000475
0.020015
0.032825
0.043641
0.051340
0.053548
0.051055
0.043136
0.032487
0.028214
0.031064
0.031499
0.027001
0.022348
0.015053
-0.000349
-0.020878
-0.041455
-0.060731
-0.074726
-0.078113
-0.072510
-0.061647
-0.043169
-0.017048
0.007240
0.023520
0.035479
0.045617
0.051582
0.052779
0.048439
0.038020
0.029223
0.029015
0.031190
0.028878
0.025465
0.021958
0.011878
-0.005779
-0.025746
-0.046260
-0.065658
-0.077108
-0.077543
-0.071168
-0.058793
-0.036864
-0.010211
0.011133
0.026356
0.038982
0.047880
0.052174
0.052287
0.045460
0.034151
0.028587
0.030193
0.030528
0.027774
0.025128
0.019356
0.006118
-0.012002
-0.032307
-0.054052
-0.071798
-0.078728
-0.076273
-0.068642
-0.053090
-0.028636
-0.003749
0.015255
0.030061
0.041140
0.047570
0.051035
0.049077
0.038659
0.028240
0.026609
0.028668
0.027433
0.025371
0.023335
0.015886
0.001911
-0.015802
-0.036802
-0.058587
-0.073171
-0.077035
-0.074667
-0.066378
-0.047929
-0.023045
-0.000773
0.016841
0.031191
0.041049
0.047863
0.051468
0.046495
0.035150
0.028836
0.029783
0.029779
0.027509
0.026547
0.023452
0.013647
-0.001339
-0.019929
-0.042344
-0.062510
-0.072815
-0.075067
-0.072769
-0.061685
-0.039988
-0.015748
0.004830
0.022212
0.035377
0.044214
0.050692
0.051247
0.042478
0.032271
0.029429
0.029769
0.028136
0.027277
0.026998
0.021831
0.010470
-0.004535
-0.024217
-0.046776
-0.063448
-0.070642
-0.072468
-0.068436
-0.053358
-0.030571
-0.008376
0.011095
0.026983
0.037569
0.045486
0.051461
0.049069
0.038559
0.031337
0.030621
0.029800
0.027957
0.027957
0.026258
0.018490
0.006712
-0.008920
-0.030465
-0.052299
-0.066267
-0.072493
-0.073787
-0.066364
-0.048258
-0.025845
-0.004466
0.014026
0.027732
0.037695
0.046696
0.050310
0.043508
0.033967
0.030475
0.029997
0.028329
0.027938
0.028567
0.024792
0.016130
0.003954
-0.014609
-0.038078
-0.057303
-0.068006
-0.074066
-0.074132
-0.062634
-0.042570
-0.020676
0.000328
0.018101
0.030674
0.041109
0.049467
0.048797
0.040040
0.033122
0.030996
0.029122
0.027451
0.028356
0.028091
0.023167
0.014376
0.000422
-0.020613
-0.043108
-0.059290
-0.069711
-0.075518
-0.071862
-0.057368
-0.037064
-0.014595
0.006779
0.022583
0.034246
0.045371
0.050844
0.045764
0.036957
0.032137
0.029573
0.027091
0.027430
0.029309
0.027595
0.021418
0.011603
-0.004882
-0.027605
-0.048057
-0.061843
-0.071484
-0.075172
-0.067813
-0.050948
-0.029554
-0.006711
0.012446
0.025592
0.037447
0.048253
0.050134
0.042574
0.035147
0.031572
0.028918
0.027825
0.029392
0.029855
0.026487
0.020358
0.008786
-0.011380
-0.034444
-0.052410
-0.065591
-0.075150
-0.075754
-0.064686
-0.046093
-0.023436
-0.000970
0.015914
0.029009
0.042848
0.052023
0.049543
0.041149
0.035389
0.031900
0.028900
0.028319
0.029473
0.028423
0.024677
0.017611
0.002866
-0.019007
-0.040060
-0.056187
-0.069421
-0.077021
-0.073656
-0.060575
-0.041043
-0.017847
0.002890
0.018334
0.033031
0.046651
0.050896
0.045081
0.037877
0.033230
0.029353
0.027242
0.028540
0.029784
0.028072
0.024204
0.015203
-0.002980
-0.025456
-0.044446
-0.060182
-0.072848
-0.076748
-0.070377
-0.056097
-0.034790
-0.011357
0.007033
0.022176
0.038274
0.049527
0.049715
0.043350
0.037189
0.032170
0.028364
0.028169
0.030329
0.030619
0.028948
0.024741
0.012089
-0.009400
-0.030866
-0.048720
-0.065168
-0.076150
-0.077012
-0.068948
-0.052120
-0.028305
-0.006348
0.009792
0.025988
0.042156
0.049909
0.047355
0.041197
0.035848
0.031106
0.028488
0.029464
0.030673
0.029789
0.028028
0.021738
0.005594
-0.015680
-0.034862
-0.052714
-0.068470
-0.076405
-0.074939
-0.064393
-0.044365
-0.021122
-0.002827
0.013085
0.030935
0.044965
0.048788
0.045334
0.040298
0.034746
0.029840
0.028730
0.030056
0.029888
0.028992
0.027231
0.017869
-0.000651
-0.020685
-0.039238
-0.057748
-0.072018
-0.077252
-0.073590
-0.060197
-0.038366
-0.016539
0.000765
0.018180
0.036163
0.047232
0.048441
0.044550
0.038960
0.032543
0.028559
0.028426
0.028507
0.027670
0.027951
0.024932
0.012341
-0.006133
-0.024826
-0.043975
-0.061567
-0.072356
-0.075245
-0.069458
-0.052691
-0.030382
-0.011429
0.004933
0.023422
0.039978
0.047293
0.046302
0.041938
0.035616
0.029267
0.026833
0.027223
0.026965
0.027676
0.028757
0.022611
0.007454
-0.010285
-0.028372
-0.047187
-0.062803
-0.072019
-0.073816
-0.064662
-0.045298
-0.024772
-0.007702
0.010418
0.030266
0.044063
0.047871
0.045820
0.040704
0.033197
0.027699
0.026620
0.026403
0.026466
0.029023
0.028599
0.018895
0.003388
-0.013749
-0.033105
-0.052057
-0.065951
-0.073717
-0.072910
-0.059949
-0.039675
-0.020785
-0.003329
0.016715
0.035457
0.045593
0.047560
0.045045
0.038767
0.031694
0.028567
0.027855
0.026690
0.027848
0.030341
0.026654
0.015131
-0.000007
-0.018088
-0.038280
-0.055817
-0.068409
-0.075136
-0.071025
-0.054952
-0.035394
-0.018119
0.000409
0.021182
0.037146
0.044460
0.045840
0.042447
0.035402
0.029962
0.028014
0.026227
0.025564
0.028687
0.030417
0.024508
0.012062
-0.004247
-0.023736
-0.042971
-0.058703
-0.070648
-0.074905
-0.066157
-0.048485
-0.030929
-0.014076
0.006009
0.025780
0.038712
0.044677
0.045332
0.040587
0.034178
0.031004
0.029236
0.026952
0.028157
0.032161
0.030992
0.021924
0.008294
-0.009183
-0.029287
-0.047344
-0.062196
-0.072977
-0.073281
-0.060661
-0.043355
-0.027403
-0.009336
0.011608
0.029193
0.039933
0.045009
0.044018
0.038074
0.033159
0.031215
0.028630
0.027119
0.030369
0.033235
0.029146
0.019203
0.004919
-0.014092
-0.033693
-0.050447
-0.065274
-0.074275
-0.070400
-0.056338
-0.040900
-0.024905
-0.004928
0.015955
0.032167
0.042452
0.046719
0.043906
0.038323
0.035231
0.032794
0.029474
0.029912
0.033833
0.033677
0.026904
0.015523
-0.001217
-0.021195
-0.039270
-0.055568
-0.070066
-0.075049
-0.066639
-0.052362
-0.037916
-0.020251
0.001106
0.020535
0.034712
0.043561
0.044919
0.039989
0.035602
0.033402
0.029832
0.027497
0.030634
0.034316
0.032337
0.025220
0.012727
-0.005284
-0.024311
-0.041952
-0.059946
-0.073677
-0.074563
-0.064396
-0.051366
-0.036426
-0.016667
0.004972
0.023233
0.036776
0.043690
0.042269
0.037420
0.034457
0.031154
0.026769
0.026903
0.031553
0.033676
0.030642
0.022722
0.008548
-0.009467
-0.027191
-0.045755
-0.064699
-0.075272
-0.071996
-0.061009
-0.048087
-0.031260
-0.010072
0.010122
0.026655
0.038862
0.043129
0.040011
0.036561
0.034365
0.030220
0.027506
0.030418
0.034520
0.034998
0.031035
0.020765
0.004378
-0.013260
-0.030913
-0.051070
-0.068881
-0.074509
-0.067777
-0.056349
-0.042416
-0.023626
-0.002777
0.016032
0.032280
0.042580
0.043230
0.039356
0.036762
0.033070
0.027981
0.027245
0.031116
0.034321
0.034255
0.029182
0.016968
0.000515
-0.016147
-0.035062
-0.056480
-0.071326
-0.072475
-0.064507
-0.053402
-0.037874
-0.017979
0.001930
0.020515
0.035957
0.042547
0.040992
0.038503
0.035990
0.030739
0.026869
0.028290
0.031563
0.033445
0.032597
0.025441
0.011211
-0.005131
-0.022287
-0.043310
-0.063898
-0.073736
-0.071212
-0.063034
-0.051285
-0.033992
-0.013620
0.006451
0.025250
0.038440
0.041811
0.039596
0.036875
0.032144
0.026209
0.024419
0.026919
0.029983
0.032074
0.030125
0.020393
0.006002
-0.008733
-0.026873
-0.049446
-0.067242
-0.072669
-0.068928
-0.060698
-0.047109
-0.028874
-0.009448
0.010476
0.028683
0.038447
0.039228
0.037777
0.035451
0.029869
0.024983
0.024931
0.027674
0.030942
0.032890
0.028590
0.016980
0.003368
-0.011630
-0.032179
-0.054560
-0.068652
-0.071145
-0.066584
-0.057049
-0.042421
-0.024590
-0.004776
0.015936
0.031642
0.037513
0.037991
0.037415
0.033784
0.028238
0.025815
0.027144
0.030016
0.033546
0.033806
0.026486
0.014454
0.001620
-0.015176
-0.038136
-0.059176
-0.069342
-0.069792
-0.064825
-0.054220
-0.038292
-0.019669
0.001167
0.021510
0.034368
0.038768
0.039958
0.038593
0.033491
0.028410
0.026718
0.027723
0.030955
0.034421
0.032625
0.024101
0.013048
-0.000162
-0.020053
-0.043953
-0.061437
-0.068638
-0.068780
-0.062721
-0.050039
-0.033811
-0.014675
0.007637
0.026606
0.036400
0.040024
0.040836
0.037570
0.031560
0.027344
0.026250
0.027873
0.032026
0.034803
0.031158
0.022195
0.011670
-0.003098
-0.025345
-0.047905
-0.062002
-0.067459
-0.066509
-0.058514
-0.045188
-0.028631
-0.007745
0.014257
0.030059
0.037986
0.041236
0.040320
0.035203
0.029438
0.025777
0.024864
0.027639
0.032560
0.033606
0.027897
0.019598
0.009700
-0.007470
-0.031079
-0.051051
-0.062257
-0.066783
-0.064552
-0.055250
-0.041625
-0.023800
-0.001773
0.018179
0.030547
0.036937
0.039270
0.036471
0.030610
0.025752
0.023269
0.024068
0.028957
0.033812
0.032555
0.026090
0.018398
0.006195
-0.014385
-0.037434
-0.054461
-0.064293
-0.067390
-0.062687
-0.052544
-0.038712
-0.019262
0.002886
0.020043
0.030280
0.035992
0.036646
0.032445
0.027352
0.023671
0.022027
0.024807
0.031146
0.034437
0.031355
0.025591
0.017664
0.002299
-0.020252
-0.042070
-0.057822
-0.066680
-0.067569
-0.061629
-0.051436
-0.035531
-0.013575
0.007469
0.022021
0.031353
0.036091
0.035026
0.031019
0.027324
0.024097
0.023437
0.028082
0.033873
0.034186
0.030047
0.024961
0.015123
-0.003739
-0.026825
-0.046431
-0.060123
-0.066778
-0.065255
-0.058129
-0.046682
-0.028313
-0.005700
0.013092
0.025641
0.033901
0.036911
0.034647
0.030570
0.026198
0.022692
0.024219
0.030975
0.035746
0.034654
0.031253
0.025787
0.012641
-0.008617
-0.031104
-0.049637
-0.061989
-0.066085
-0.063313
-0.056329
-0.043092
-0.022616
-0.001460
0.014947
0.027351
0.035246
0.036733
0.034014
0.030150
0.025568
0.023200
0.027069
0.033601
0.035592
0.033259
0.030168
0.022617
0.005708
-0.016669
-0.037674
-0.054229
-0.063878
-0.065461
-0.061907
-0.053647
-0.037780
-0.016852
0.002383
0.017777
0.029319
0.034990
0.035002
0.032359
0.028067
0.023592
0.023871
0.030048
0.035260
0.035240
0.033551
0.030341
0.019397
0.000075
-0.021719
-0.042062
-0.057650
-0.064649
-0.064762
-0.061228
-0.051108
-0.032667
-0.011703
0.006440
0.021221
0.031338
0.035131
0.034457
0.031370
0.026194
0.022420
0.025165
0.031876
0.035111
0.034493
0.033499
0.028385
0.014201
-0.006197
-0.027960
-0.047708
-0.060718
-0.065433
-0.065460
-0.060606
-0.047021
-0.026936
-0.006887
0.010437
0.024328
0.032341
0.034440
0.033232
0.029276
0.023424
0.021339
0.026052
0.031459
0.032775
0.033112
0.032493
0.025022
0.009307
-0.010785
-0.032350
-0.050899
-0.061769
-0.066084
-0.065971
-0.058474
-0.042282
-0.022081
-0.002484
0.014795
0.027276
0.033309
0.034911
0.033369
0.028150
0.022928
0.023944
0.029513
0.032821
0.033830
0.035156
0.032970
0.022822
0.005950
-0.015081
-0.037015
-0.053426
-0.061820
-0.065190
-0.063425
-0.053027
-0.035428
-0.015719
0.003279
0.019533
0.029964
0.034532
0.035476
0.032429
0.025991
0.022449
0.025671
0.030539
0.032706
0.034540
0.035949
0.031749
0.019656
0.001243
-0.021116
-0.041837
-0.055188
-0.062328
-0.065552
-0.061889
-0.049106
-0.030935
-0.011322
0.007621
0.022370
0.030641
0.034569
0.034920
0.029975
0.023596
0.023250
0.027920
0.031068
0.032738
0.035601
0.035984
0.028890
0.014392
-0.005590
-0.027696
-0.045679
-0.056822
-0.063636
-0.065751
-0.059315
-0.044564
-0.025647
-0.005564
0.012505
0.024956
0.032158
0.035996
0.034614
0.027927
0.023259
0.025079
0.028545
0.030177
0.032408
0.034793
0.032448
0.023368
0.007755
-0.013295
-0.034512
-0.049924
-0.060009
-0.066715
-0.066869
-0.057739
-0.041951
-0.022818
-0.002624
0.014300
0.025237
0.032160
0.035354
0.031787
0.024924
0.023278
0.026964
0.029772
0.031330
0.034049
0.035119
0.030747
0.019879
0.002070
-0.020038
-0.039701
-0.053608
-0.063408
-0.068355
-0.065206
-0.053893
-0.037131
-0.017030
0.002525
0.016850
0.026095
0.032554
0.033567
0.027915
0.023263
0.024901
0.028249
0.029927
0.032565
0.035772
0.035666
0.030236
0.017673
-0.002376
-0.024364
-0.041789
-0.054509
-0.063890
-0.067239
-0.061872
-0.049113
-0.031257
-0.010769
0.007294
0.019910
0.029214
0.035081
0.033469
0.027469
0.025477
0.027747
0.029430
0.031190
0.034726
0.037220
0.035921
0.029002
0.013743
-0.007909
-0.028665
-0.044473
-0.056745
-0.065078
-0.065998
-0.058610
-0.044682
-0.025553
-0.005043
0.011053
0.022600
0.031935
0.035465
0.030845
0.025310
0.024796
0.026300
0.027739
0.030851
0.034747
0.036686
0.034967
0.026310
0.008777
-0.012566
-0.031269
-0.046390
-0.058694
-0.065335
-0.063886
-0.055378
-0.040447
-0.020637
-0.001937
0.012063
0.024033
0.032889
0.033117
0.027405
0.024439
0.025430
0.026919
0.029278
0.033318
0.036830
0.037896
0.034552
0.022844
0.002961
-0.018346
-0.035936
-0.050451
-0.061822
-0.066374
-0.062944
-0.052695
-0.035830
-0.015857
0.001038
0.014748
0.027056
0.033048
0.030091
0.025479
0.024988
0.026290
0.027747
0.030750
0.034627
0.037599
0.038379
0.033085
0.018070
-0.002892
-0.022650
-0.039325
-0.053915
-0.063853
-0.066350
-0.062003
-0.050259
-0.031546
-0.012063
0.003829
0.018246
0.029530
0.032000
0.027928
0.024921
0.024629
0.024894
0.026113
0.029240
0.033228
0.036577
0.036476
0.028126
0.010920
-0.009057
-0.027164
-0.043609
-0.057260
-0.064901
-0.065986
-0.059966
-0.045155
-0.025520
-0.008095
0.006839
0.021247
0.030169
0.029823
0.025855
0.024113
0.023867
0.024139
0.026349
0.030304
0.034543
0.037846
0.036193
0.025180
0.006987
-0.012089
-0.029744
-0.045970
-0.058365
-0.064885
-0.064921
-0.056392
-0.039664
-0.021247
-0.005259
0.010490
0.024380
0.029803
0.027490
0.024476
0.023324
0.023150
0.024765
0.028182
0.032156
0.036976
0.040568
0.036416
0.022291
0.003639
-0.015104
-0.033475
-0.049393
-0.060052
-0.065158
-0.063374
-0.052213
-0.034806
-0.017619
-0.001375
0.015256
0.027134
0.029761
0.027507
0.025737
0.024981
0.025282
0.027195
0.030143
0.034409
0.039733
0.040971
0.032864
0.016907
-0.001802
-0.020902
-0.038883
-0.052881
-0.062119
-0.066197
-0.061586
-0.047363
-0.029717
-0.013077
0.004352
0.020588
0.028926
0.029147
0.027201
0.025783
0.024838
0.025483
0.027619
0.030850
0.036092
0.041200
0.039746
0.028625
0.011578
-0.006958
-0.025561
-0.042347
-0.055223
-0.063897
-0.066039
-0.057743
-0.041832
-0.025384
-0.008951
0.008994
0.023180
0.028736
0.028577
0.026741
0.024785
0.024273
0.025518
0.027634
0.031647
0.037943
0.041739
0.037103
0.024160
0.007307
-0.011229
-0.030143
-0.046467
-0.059028
-0.067252
-0.066546
-0.055176
-0.039518
-0.023690
-0.005601
0.012560
0.024089
0.027703
0.027104
0.025079
0.023735
0.024280
0.025848
0.028526
0.034106
0.040929
0.042832
0.035845
0.022050
0.004634
-0.015009
-0.033930
-0.049494
-0.061937
-0.068353
-0.063699
-0.050750
-0.035949
-0.019142
0.000390
0.016864
0.025483
0.027688
0.026538
0.024670
0.024316
0.025373
0.026640
0.029510
0.035962
0.042302
0.041645
0.032483
0.017954
-0.000326
-0.020245
-0.037793
-0.052620
-0.064731
-0.068272
-0.060522
-0.047374
-0.032233
-0.013292
0.006257
0.019962
0.026337
0.027614
0.026053
0.024502
0.024622
0.025263
0.026439
0.031040
0.038774
0.043329
0.039701
0.029063
0.013373
-0.005892
-0.024704
-0.040882
-0.055921
-0.066461
-0.066139
-0.056779
-0.044080
-0.027861
-0.007977
0.009883
0.021275
0.026336
0.026586
0.024539
0.023466
0.023711
0.023903
0.025977
0.032762
0.040928
0.043235
0.037573
0.025920
0.009142
-0.010144
-0.027966
-0.044619
-0.060118
-0.067760
-0.063873
-0.053705
-0.040618
-0.022799
-0.002727
0.013415
0.022990
0.026477
0.025419
0.023357
0.023090
0.023391
0.023738
0.027630
0.035808
0.042342
0.042072
0.035256
0.022440
0.004482
-0.014248
-0.031535
-0.048934
-0.062942
-0.066744
-0.061165
-0.051149
-0.036517
-0.016854
0.002637
0.016931
0.024831
0.026649
0.024819
0.023659
0.024099
0.023880
0.024578
0.030124
0.038198
0.042521
0.040630
0.032523
0.017645
-0.000850
-0.018442
-0.035934
-0.053467
-0.064540
-0.065056
-0.058787
-0.048147
-0.031545
-0.011333
0.006467
0.018759
0.024915
0.025534
0.024185
0.024136
0.023880
0.022686
0.025010
0.032637
0.040257
0.043135
0.040086
0.029819
0.013353
-0.004104
-0.021081
-0.039818
-0.056572
-0.064210
-0.062720
-0.055955
-0.043520
-0.025029
-0.005303
0.010650
0.021032
0.025035
0.024443
0.023624
0.023618
0.022300
0.021745
0.026536
0.034976
0.041349
0.043055
0.038498
0.026205
0.009452
-0.007414
-0.025717
-0.045400
-0.059712
-0.064342
-0.061932
-0.054015
-0.039347
-0.020169
-0.001327
0.013831
0.022714
0.024635
0.023663
0.023566
0.022678
0.020309
0.021507
0.028466
0.036422
0.041573
0.042520
0.035938
0.021647
0.005306
-0.011276
-0.030822
-0.049784
-0.060973
-0.063781
-0.060965
-0.051680
-0.035476
-0.016056
0.002155
0.015868
0.022387
0.022964
0.022477
0.022596
0.021124
0.019739
0.023161
0.030834
0.038438
0.043408
0.042543
0.032965
0.018002
0.002295
-0.015562
-0.036033
-0.052678
-0.061046
-0.062914
-0.059128
-0.047870
-0.030496
-0.011189
0.006267
0.018025
0.021952
0.021790
0.022227
0.021992
0.019616
0.019637
0.025268
0.033430
0.040621
0.044292
0.040166
0.027992
0.013289
-0.002179
-0.021193
-0.041009
-0.055009
-0.061902
-0.063236
-0.057625
-0.044426
-0.026646
-0.007894
0.008096
0.017295
0.020000
0.021256
0.022556
0.021375
0.019441
0.021564
0.027918
0.035539
0.042340
0.044146
0.037182
0.024674
0.010961
-0.005751
-0.026391
-0.045037
-0.056900
-0.062466
-0.061823
-0.053504
-0.038642
-0.020116
-0.001260
0.013029
0.019582
0.021560
0.023138
0.023049
0.020327
0.019195
0.022628
0.029145
0.037088
0.043431
0.042510
0.033522
0.021399
0.007170
-0.011550
-0.032008
-0.048167
-0.058169
-0.062207
-0.059293
-0.049454
-0.034038
-0.014986
0.003124
0.014576
0.019292
0.021823
0.023269
0.021425
0.018394
0.018588
0.022698
0.029752
0.038492
0.043532
0.039999
0.030500
0.018909
0.003448
-0.016521
-0.035823
-0.050038
-0.058864
-0.061896
-0.057830
-0.046670
-0.029711
-0.010085
0.006282
0.015197
0.018976
0.021514
0.021919
0.019172
0.017015
0.018656
0.024004
0.032724
0.041681
0.044066
0.037972
0.027938
0.015303
-0.002087
-0.022196
-0.039778
-0.052513
-0.060116
-0.061292
-0.054969
-0.041688
-0.023170
-0.003757
0.010249
0.017146
0.020856
0.023179
0.021914
0.018595
0.017636
0.020402
0.026995
0.036698
0.043803
0.042706
0.035318
0.025223
0.011052
-0.007820
-0.027393
-0.043741
-0.055450
-0.061271
-0.059947
-0.051662
-0.036856
-0.017288
0.000970
0.012151
0.017778
0.021707
0.022687
0.019849
0.017232
0.017609
0.021205
0.029352
0.039569
0.044273
0.040849
0.033270
0.022653
0.006745
-0.012852
-0.031684
-0.046962
-0.057365
-0.061454
-0.058602
-0.048752
-0.031904
-0.011755
0.004225
0.013276
0.018806
0.021986
0.021122
0.018246
0.016713
0.017266
0.021852
0.031431
0.040130
0.041794
0.037902
0.031006
0.019052
0.001376
-0.018085
-0.035743
-0.050089
-0.059276
-0.061717
-0.057433
-0.045713
-0.027019
-0.007669
0.005500
0.013234
0.018701
0.020835
0.019203
0.016833
0.015468
0.016730
0.023745
0.034528
0.041532
0.041493
0.037036
0.028658
0.014591
-0.003582
-0.022241
-0.039369
-0.052971
-0.060397
-0.061181
-0.055262
-0.041123
-0.021577
-0.004667
0.006174
0.014059
0.019426
0.020295
0.018328
0.016105
0.014634
0.017392
0.026836
0.037605
0.042266
0.040722
0.035792
0.026266
0.010842
-0.007610
-0.025864
-0.042069
-0.053783
-0.059449
-0.059210
-0.051415
-0.035188
-0.016384
-0.001925
0.008347
0.016422
0.020431
0.020044
0.017884
0.015239
0.014227
0.019458
0.030152
0.038539
0.040660
0.039027
0.034051
0.022989
0.006613
-0.011417
-0.029066
-0.044222
-0.054272
-0.058802
-0.057328
-0.047107
-0.029557
-0.012089
0.000856
0.010658
0.017317
0.019290
0.018211
0.015983
0.013310
0.014062
0.021820
0.032460
0.039080
0.040814
0.039307
0.032836
0.020037
0.003001
-0.015563
-0.033255
-0.047148
-0.056199
-0.060232
-0.056323
-0.042555
-0.024194
-0.008228
0.004020
0.013389
0.018455
0.019434
0.018290
0.015160
0.012165
0.015174
0.024858
0.034461
0.039546
0.040900
0.038153
0.029581
0.015702
-0.001619
-0.020385
-0.037289
-0.049902
-0.058261
-0.060770
-0.053421
-0.037254
-0.019614
-0.005224
0.006349
0.014692
0.018570
0.019441
0.017847
0.013745
0.012233
0.018465
0.028825
0.036499
0.040218
0.040877
0.036758
0.026667
0.011568
-0.006760
-0.025578
-0.041373
-0.052964
-0.060222
-0.059932
-0.049287
-0.032471
-0.016156
-0.002242
0.009071
0.015914
0.018560
0.018779
0.016036
0.012337
0.014113
0.022773
0.032435
0.038878
0.042222
0.041721
0.035540
0.023692
0.007295
-0.011788
-0.029983
-0.044265
-0.054854
-0.060736
-0.057193
-0.043793
-0.027103
-0.011654
0.001963
0.011771
0.016733
0.018982
0.018432
0.014433
0.012021
0.016526
0.025713
0.034155
0.039829
0.042621
0.040995
0.033422
0.020401
0.003245
-0.015699
-0.032628
-0.046050
-0.056697
-0.060851
-0.053812
-0.038943
-0.022735
-0.007429
0.005106
0.012740
0.016966
0.018957
0.016771
0.012211
0.011878
0.018442
0.027918
0.035837
0.041069
0.042858
0.039283
0.029974
0.015714
-0.002342
-0.020696
-0.036070
-0.049278
-0.059157
-0.059666
-0.049792
-0.035272
-0.019763
-0.005074
0.005581
0.012028
0.016456
0.017474
0.013674
0.010017
0.012723
0.021121
0.030169
0.037359
0.042088
0.042527
0.037382
0.027200
0.012047
-0.006315
-0.023703
-0.038929
-0.052632
-0.060398
-0.057415
-0.046276
-0.031716
-0.015967
-0.002200
0.007152
0.013589
0.017573
0.016381
0.011299
0.009387
0.014372
0.022870
0.031101
0.038168
0.042218
0.041220
0.035418
0.024350
0.007703
-0.010646
-0.027190
-0.042625
-0.055526
-0.060098
-0.054674
-0.042849
-0.027702
-0.012046
0.000312
0.008849
0.015527
0.018572
0.015424
0.010474
0.010844
0.016981
0.025041
0.033195
0.039909
0.042856
0.041423
0.034990
0.021847
0.004100
-0.013384
-0.029817
-0.045851
-0.057221
-0.058841
-0.051513
-0.038550
-0.022513
-0.007621
0.002989
0.011054
0.017358
0.018015
0.012904
0.009282
0.011853
0.018561
0.026896
0.035592
0.041958
0.043873
0.041128
0.032373
0.017228
-0.000197
-0.016761
-0.033781
-0.049784
-0.058486
-0.057147
-0.048317
-0.034406
-0.018455
-0.005106
0.004918
0.013682
0.018838
0.016822
0.011307
0.009477
0.013356
0.020698
0.029719
0.038141
0.043058
0.043716
0.039542
0.028639
0.012392
-0.004501
-0.021204
-0.038996
-0.053664
-0.059455
-0.056120
-0.045782
-0.030537
-0.015234
-0.003660
0.005975
0.014501
0.017369
0.013259
0.008560
0.009012
0.014412
0.022780
0.032010
0.039271
0.042634
0.042879
0.036721
0.024250
0.006015
