0.026260
0.032107
0.035868
0.049600
0.042959
0.038832
0.038479
0.029680
0.022202
0.010957
-0.036098
-0.044613
-0.065453
-0.072406
-0.083975
-0.086709
-0.088477
-0.118930
-0.142060
-0.161753
-0.158111
-0.142894
-0.114067
-0.078560
-0.036204
0.007562
0.031529
0.037008
0.035779
0.033826
0.054130
0.069645
0.086380
0.110720
0.111031
0.118586
0.129453
0.127986
0.109755
0.056216
-0.007856
-0.033237
-0.045497
-0.031277
-0.012057
0.006297
0.008177
-0.017962
-0.067108
-0.101861
-0.102928
-0.076320
-0.030100
0.007094
0.014494
0.008414
-0.014305
-0.033284
-0.050350
-0.041524
-0.045275
-0.023501
0.015692
0.058439
0.093043
0.143392
0.171405
0.184518
0.180729
0.170118
0.148051
0.130486
0.108754
0.078614
0.029463
-0.024927
-0.074052
-0.129397
-0.161743
-0.175140
-0.166280
-0.129009
-0.079067
-0.021664
-0.014356
0.004893
-0.010162
-0.005291
-0.024468
-0.070654
-0.106421
-0.129212
-0.129115
-0.132235
-0.097131
-0.059303
-0.000294
0.043868
0.076015
0.112089
0.137872
0.152355
0.172896
0.153512
0.116415
0.063141
-0.014191
-0.114250
-0.183754
-0.244058
-0.259295
-0.208060
-0.121098
-0.013265
0.052602
0.066994
0.085344
0.062768
0.052569
0.048795
0.068061
0.094207
0.097550
0.069596
0.042101
0.016750
0.016788
0.017225
0.025155
0.028754
0.034553
0.061396
0.083925
0.056609
0.020049
-0.011285
-0.042189
-0.050641
-0.061332
-0.071555
-0.089959
-0.072321
-0.032750
-0.008156
-0.010222
-0.021323
-0.021191
-0.030875
-0.007329
0.019964
0.065642
0.125680
0.148420
0.158228
0.166644
0.168594
0.147793
0.111389
0.072715
0.028963
-0.008638
-0.000363
-0.015846
-0.028184
-0.072438
-0.106665
-0.141010
-0.166838
-0.161110
-0.149150
-0.131862
-0.112056
-0.090606
-0.088644
-0.103396
-0.110106
-0.091169
-0.066808
-0.041570
-0.034239
-0.002474
0.014240
0.013863
0.013748
0.026984
0.064798
0.093902
0.112268
0.113944
0.106404
0.115059
0.147373
0.148167
0.120544
0.058824
-0.028938
-0.126267
-0.187336
-0.193612
-0.156754
-0.075805
-0.006298
0.035432
0.039377
0.041270
0.030828
0.000169
-0.004873
0.002474
0.008085
0.019394
0.004423
-0.019868
-0.030449
-0.020415
0.032272
0.081071
0.106896
0.126760
0.115015
0.117712
0.107129
0.096717
0.067764
0.013156
-0.054498
-0.094992
-0.110212
-0.104712
-0.066402
0.001500
0.045138
0.047443
-0.005469
-0.048638
-0.064556
-0.062534
-0.020306
0.002735
0.052006
0.066816
0.063526
0.050803
0.042686
0.043766
0.042898
0.032422
0.003045
-0.033050
-0.058285
-0.072098
-0.090036
-0.092864
-0.107758
-0.114125
-0.131435
-0.133380
-0.118044
-0.090495
-0.053444
-0.005002
0.012947
0.002219
0.000957
-0.016702
-0.017544
-0.015315
-0.005344
0.009905
0.034930
0.055276
0.064670
0.087128
0.093950
0.108261
0.096132
0.086244
0.094283
0.112665
0.140547
0.150833
0.126885
0.063896
-0.026448
-0.129374
-0.207802
-0.217389
-0.189590
-0.130424
-0.079881
-0.033720
-0.035359
-0.034790
-0.021166
-0.002109
0.016390
0.044540
0.054301
0.074174
0.094142
0.079310
0.059499
0.060519
0.060026
0.076108
0.083299
0.074257
0.082591
0.112490
0.118054
0.117435
0.087775
0.066628
0.011960
-0.047445
-0.078709
-0.069779
-0.077474
-0.055024
-0.038961
-0.051242
-0.061670
-0.089623
-0.111054
-0.129089
-0.138964
-0.152542
-0.126063
-0.076236
-0.036843
-0.011807
-0.015241
-0.007624
0.013006
0.039978
0.061959
0.057590
0.065146
0.061889
0.048026
0.032170
0.013403
-0.015345
-0.052753
-0.092412
-0.114113
-0.097892
-0.038955
0.042861
0.094495
0.101002
0.090543
0.046083
0.010953
-0.024269
-0.043344
-0.040362
-0.019783
-0.001966
0.002671
-0.006446
-0.001966
0.014354
0.040297
0.069884
0.096346
0.121443
0.117155
0.090726
0.050494
0.023138
-0.018183
-0.064616
-0.116644
-0.157145
-0.155563
-0.130537
-0.052140
0.022184
0.074369
0.087923
0.082003
0.064887
0.051014
0.027650
0.021567
0.031146
0.036212
0.058023
0.029172
0.013730
0.004341
-0.005369
-0.000122
0.005122
0.038618
0.066674
0.093993
0.112599
0.110940
0.073171
0.012993
-0.053460
-0.112221
-0.153647
-0.170915
-0.183786
-0.155478
-0.142628
-0.141317
-0.123907
-0.107850
-0.068208
-0.030226
-0.005479
0.004730
0.010819
0.032793
0.041392
0.061029
0.090972
0.081388
0.062792
0.026714
0.007677
0.005988
0.039509
0.071622
0.091287
0.095203
0.063148
0.005522
-0.044911
-0.078655
-0.091842
-0.065353
-0.009517
0.042482
0.083051
0.053024
0.020761
-0.030380
-0.065497
-0.096484
-0.093013
-0.075594
-0.047736
-0.002944
0.018746
0.033973
0.026321
0.035454
0.056816
0.077796
0.102837
0.121464
0.114784
0.087255
0.059740
0.027229
0.001519
-0.030857
-0.058019
-0.069893
-0.077018
-0.041405
-0.012989
0.021328
0.038199
0.069570
0.071689
0.048702
0.006139
-0.008777
-0.027694
-0.037931
-0.023450
-0.011577
-0.004290
-0.020958
-0.033051
-0.049973
-0.050730
-0.052315
-0.045230
-0.035402
-0.014773
0.008783
0.014714
-0.000541
-0.033392
-0.069999
-0.105425
-0.123234
-0.104579
-0.057323
-0.009834
0.035387
0.055693
0.056114
0.029243
-0.007402
-0.034365
-0.030594
-0.017007
0.017453
0.045024
0.068863
0.083365
0.074613
0.056143
0.038332
0.021139
0.008499
0.035289
0.060569
0.078742
0.082703
0.055347
0.028118
-0.019594
-0.061473
-0.075989
-0.081182
-0.052944
-0.031417
-0.023819
-0.021344
-0.018224
-0.024499
-0.026577
-0.044879
-0.056378
-0.074313
-0.093672
-0.084844
-0.044843
0.004484
0.057727
0.095796
0.113972
0.125372
0.117883
0.128909
0.146726
0.142641
0.130836
0.097857
0.053639
-0.006801
-0.055937
-0.090607
-0.096893
-0.081965
-0.049907
-0.029139
-0.008300
-0.005782
-0.005971
-0.035570
-0.051722
-0.055010
-0.079141
-0.097578
-0.110175
-0.097790
-0.078481
-0.046273
-0.034149
-0.036635
-0.024512
-0.010751
0.010550
0.032782
0.082572
0.125328
0.140362
0.145627
0.109126
0.060792
-0.008287
-0.075414
-0.119781
-0.140395
-0.136181
-0.088677
-0.029713
0.018481
0.044538
0.044114
0.033331
0.029413
0.010917
0.019583
0.051280
0.064046
0.081864
0.069214
0.036713
0.011149
0.001770
-0.007562
0.002277
0.008246
0.001106
-0.018706
-0.070152
-0.082983
-0.094572
-0.080247
-0.050098
-0.038207
-0.017243
0.001712
0.008318
0.034380
0.050821
0.075450
0.081327
0.062638
0.079162
0.067748
0.036002
0.005079
-0.013537
-0.029234
-0.007790
0.019590
0.036155
0.048983
0.052005
0.028199
0.009447
-0.005630
-0.014504
-0.019381
-0.038898
-0.052233
-0.081763
-0.119767
-0.125490
-0.123181
-0.098293
-0.057220
-0.005421
0.025481
0.044782
0.038741
0.025134
0.024931
0.018166
-0.027103
-0.060735
-0.070340
-0.030666
0.010043
0.035183
0.055167
0.039193
0.016189
0.022510
0.037991
0.044286
0.056928
0.083041
0.089268
0.088950
0.071752
0.028350
0.013974
-0.007372
-0.019416
-0.037301
-0.040457
-0.045435
-0.066766
-0.078558
-0.062599
-0.042251
-0.011140
0.009658
-0.008633
-0.041609
-0.063678
-0.088141
-0.096930
-0.080789
-0.053363
-0.007597
0.029077
0.074920
0.092410
0.111495
0.121017
0.126676
0.104918
0.095682
0.047788
0.011405
0.002161
0.005745
-0.003843
-0.024660
-0.032950
-0.038056
-0.031102
-0.013642
0.000157
0.012812
-0.007854
-0.046997
-0.074076
-0.099240
-0.088103
-0.048984
-0.008141
0.040935
0.067240
0.065445
0.085875
0.094510
0.070583
0.032877
-0.001295
-0.063526
-0.099512
-0.114544
-0.103046
-0.088303
-0.092950
-0.079647
-0.075788
-0.062360
-0.012122
0.033276
0.059839
0.082862
0.092613
0.104939
0.102043
0.082569
0.057475
0.029983
0.020128
0.022681
0.009701
0.000847
-0.015707
-0.014196
0.007759
0.029941
0.036259
0.038182
0.022654
-0.023961
-0.066640
-0.091387
-0.091045
-0.089895
-0.074353
-0.057600
-0.064937
-0.068638
-0.075361
-0.083645
-0.051580
0.012364
0.085709
0.118362
0.144449
0.130915
0.092629
0.070117
0.059924
0.033910
0.011862
-0.003249
-0.011242
-0.004160
-0.020822
-0.035517
-0.052791
-0.090071
-0.088232
-0.078705
-0.034533
0.007710
0.052132
0.068794
0.075321
0.048994
0.034768
0.010012
-0.016838
-0.016619
-0.007870
0.000445
0.004263
0.008649
-0.003903
-0.033621
-0.071134
-0.093861
-0.108117
-0.105555
-0.074913
-0.037042
0.005544
0.033630
0.060139
0.064348
0.067404
0.052877
0.046901
0.025578
0.020368
0.055183
0.064825
0.084228
0.114137
0.115966
0.102903
0.066023
0.032304
0.005638
-0.032017
-0.051085
-0.068448
-0.080043
-0.108210
-0.134669
-0.151053
-0.149258
-0.112956
-0.084167
-0.040665
0.009483
0.070271
0.126778
0.139196
0.123484
0.071919
0.020943
-0.029930
-0.044586
-0.017298
-0.021037
-0.023826
-0.012156
-0.016422
-0.011156
-0.005286
-0.015789
-0.034187
-0.032216
-0.019385
0.018006
0.032467
0.046127
0.020489
-0.013794
-0.051152
-0.051207
-0.023666
0.008358
0.047169
0.121798
0.149604
0.146806
0.113304
0.077706
0.033420
-0.029359
-0.065311
-0.071730
-0.086087
-0.083005
-0.087381
-0.066949
-0.074302
-0.108992
-0.161549
-0.188569
-0.176643
-0.120601
-0.048532
0.016504
0.068333
0.117759
0.120742
0.141780
0.155480
0.163726
0.147523
0.133866
0.125860
0.107245
0.116508
0.096109
0.082006
0.036881
-0.010362
-0.075398
-0.110952
-0.152979
-0.146200
-0.131039
-0.104849
-0.075472
-0.065173
-0.061344
-0.072733
-0.044700
-0.006083
0.039993
0.077523
0.080125
0.082696
0.059635
0.017440
-0.024315
-0.048101
-0.067129
-0.062872
-0.043019
-0.012115
0.030201
0.051651
0.065064
0.049865
0.006143
-0.049729
-0.087819
-0.090092
-0.083676
-0.051099
-0.012650
0.035418
0.048481
0.038517
0.024554
0.034579
0.035224
0.059762
0.094889
0.096778
0.075933
0.057221
0.015866
-0.020934
-0.038063
-0.047033
-0.065876
-0.086711
-0.099625
-0.077782
-0.054655
-0.015531
0.008313
-0.011629
-0.051144
-0.082421
-0.081564
-0.036425
-0.004861
0.031577
0.068635
0.104864
0.118841
0.119300
0.107309
0.099461
0.076660
0.078720
0.050956
0.037862
0.038183
0.019989
0.007321
-0.017535
-0.027787
-0.063703
-0.064367
-0.079878
-0.056793
-0.014274
0.014368
0.031125
0.015833
-0.011765
-0.030159
-0.032523
-0.003753
0.019754
0.022734
0.009459
-0.009367
-0.025738
-0.067386
-0.102901
-0.121365
-0.100862
-0.077149
-0.048879
-0.013392
0.012355
0.012417
0.023434
0.008144
0.023543
0.033919
0.033999
0.031903
0.030127
0.068452
0.107347
0.142728
0.149717
0.132873
0.096015
0.037009
-0.005915
-0.027138
-0.068226
-0.097184
-0.119365
-0.117568
-0.126453
-0.130378
-0.118245
-0.099684
-0.066952
-0.047263
-0.013308
-0.001394
0.014112
0.029891
0.040094
0.027863
0.026920
0.023519
0.018746
0.024969
0.044079
0.064322
0.089190
0.115691
0.108386
0.097258
0.063083
0.022844
0.022605
0.022509
0.002499
-0.017925
-0.028012
-0.033233
-0.046919
-0.054593
-0.062093
-0.075089
-0.045042
-0.020477
0.016978
0.035405
0.030955
0.022395
0.003352
0.008423
0.039655
0.065225
0.059874
0.055655
0.017712
0.002250
-0.014948
-0.066580
-0.109002
-0.151457
-0.191204
-0.176072
-0.138553
-0.096194
-0.044758
-0.011888
0.017621
0.048381
0.055625
0.063583
0.064898
0.066951
0.072326
0.066099
0.073809
0.065070
0.037891
0.036709
0.036346
0.051865
0.048041
0.009005
-0.028481
-0.053892
-0.047469
-0.054569
-0.039273
-0.029902
-0.042888
-0.037487
-0.032278
-0.018431
-0.000884
0.005838
0.004754
-0.007051
-0.012690
-0.013130
-0.024329
-0.006768
0.028432
0.058841
0.071713
0.062417
0.041012
0.019796
0.006432
-0.004118
0.005158
0.022113
0.010177
0.003049
0.005632
0.020005
0.057536
0.084660
0.091730
0.073566
0.048126
0.011336
-0.013914
-0.004544
0.002051
0.000777
-0.013117
-0.024448
-0.054316
-0.079218
-0.063079
-0.040588
-0.006990
0.012148
0.001273
-0.020618
-0.049261
-0.097193
-0.114472
-0.112103
-0.110735
-0.090719
-0.054502
-0.034397
0.007997
0.059800
0.101874
0.120011
0.120082
0.122735
0.101813
0.074038
0.071094
0.056694
0.019037
-0.034929
-0.071891
-0.094924
-0.099530
-0.090936
-0.079449
-0.062224
-0.055794
-0.051824
-0.045343
-0.047080
-0.051867
-0.044570
-0.028200
-0.014348
0.025419
0.074652
0.085003
0.100423
0.106261
0.107298
0.082655
0.060558
0.045447
0.021649
0.012246
0.002708
-0.010315
-0.026961
-0.047348
-0.055419
-0.070873
-0.072845
-0.075820
-0.072297
-0.047160
-0.028466
0.014919
0.050413
0.070714
0.091026
0.091353
0.098263
0.093032
0.088592
0.097122
0.079718
0.066894
0.063345
0.049351
0.024123
0.001047
-0.027170
-0.037494
-0.053278
-0.064279
-0.078579
-0.084667
-0.096497
-0.106108
-0.129258
-0.159019
-0.164077
-0.151303
-0.117019
-0.050314
0.017671
0.054202
0.063622
0.052983
0.045662
0.036651
0.049665
0.053818
0.068113
0.078350
0.083428
0.085406
0.058705
0.049314
0.030245
0.005956
0.008288
-0.001387
-0.038554
-0.071218
-0.099992
-0.098392
-0.101509
-0.086886
-0.090907
-0.089687
-0.064454
-0.026572
0.040753
0.115671
0.148278
0.160601
0.137315
0.097852
0.038346
-0.008921
-0.049668
-0.072318
-0.077783
-0.081629
-0.089825
-0.077596
-0.040642
0.012417
0.047106
0.095571
0.110036
0.100948
0.083928
0.067137
0.073323
0.056083
0.038870
0.014283
-0.018714
-0.048054
-0.057211
-0.029717
0.007955
0.025856
0.051234
0.061889
0.018679
-0.015797
-0.038514
-0.057790
-0.052634
-0.018755
-0.004748
-0.003786
-0.001235
-0.024404
-0.045809
-0.075904
-0.089166
-0.092959
-0.063497
-0.043663
-0.023865
0.009187
0.043498
0.048675
0.057609
0.046141
0.018800
-0.006612
-0.015625
-0.008899
-0.006570
-0.021441
-0.032345
-0.060856
-0.059360
-0.050002
-0.039198
-0.025284
-0.021213
-0.001170
0.018062
0.038497
0.041776
0.043390
0.041171
0.037027
0.046419
0.050513
0.041512
0.034261
0.028093
0.009940
-0.013634
-0.018619
-0.040136
-0.069056
-0.087128
-0.092365
-0.058615
-0.008690
0.027469
0.031499
0.039520
0.021657
0.028467
0.021675
0.025345
0.038016
0.048392
0.056152
0.066471
0.075022
0.081612
0.082090
0.082924
0.094217
0.095554
0.085123
0.060439
0.038536
-0.015613
-0.057940
-0.104206
-0.134706
-0.160246
-0.159764
-0.161617
-0.129232
-0.076730
-0.008893
0.057300
0.084932
0.083253
0.050556
-0.000180
-0.060943
-0.081802
-0.068105
-0.035926
-0.007545
0.018135
0.025708
0.026335
0.031892
0.055704
0.067271
0.071397
0.042462
0.004842
-0.021965
-0.041305
-0.046613
-0.049549
-0.040720
-0.053153
-0.063975
-0.058947
-0.028876
-0.008832
0.004391
0.020965
0.001495
-0.017913
-0.032588
-0.023194
0.003931
0.035907
0.070186
0.084297
0.106805
0.080050
0.039987
0.025439
0.011802
0.007373
0.004853
0.001807
-0.023213
-0.048488
-0.046448
-0.033758
-0.022189
-0.011296
-0.004828
-0.013052
-0.020042
0.000118
0.038509
0.077098
0.109648
0.107454
0.094351
0.069952
0.033231
-0.012667
-0.037994
-0.053037
-0.062176
-0.050614
-0.043287
-0.040328
-0.025615
-0.011910
-0.002716
0.013499
0.055962
0.084931
0.080688
0.071279
0.036442
0.007516
-0.044864
-0.104708
-0.157014
-0.183789
-0.179169
-0.142369
-0.091243
-0.029287
0.021137
0.040840
0.058164
0.060163
0.064350
0.064479
0.042891
0.013723
-0.020325
-0.038580
-0.049980
-0.041566
-0.014282
0.010444
0.024587
0.024350
0.041090
0.041057
0.048728
0.035565
0.018485
0.005844
-0.026663
-0.036447
-0.038027
-0.035263
-0.025579
-0.017101
-0.019045
-0.011749
0.001564
0.014278
0.010497
-0.004578
-0.022932
-0.032854
-0.002521
0.033573
0.073072
0.091074
0.082184
0.068710
0.049515
0.039009
0.041772
0.036556
0.043145
0.021940
0.005426
-0.007406
-0.007610
0.002105
0.010388
-0.008838
-0.033059
-0.053682
-0.050576
-0.032568
-0.006403
0.008409
0.022305
0.014127
-0.012366
-0.037579
-0.059215
-0.049337
-0.033236
-0.002275
0.028393
0.046741
0.034640
0.020809
-0.001723
-0.009755
-0.003356
0.000003
0.006372
-0.027503
-0.065805
-0.099795
-0.096693
-0.077809
-0.060425
-0.052399
-0.049917
-0.044625
-0.013472
0.017619
0.071047
0.094898
0.099689
0.080258
0.054934
0.019888
-0.003459
-0.005880
-0.017923
-0.025042
-0.034813
-0.042226
-0.031182
-0.022566
-0.007428
0.025877
0.056625
0.083817
0.091477
0.083656
0.054186
0.020790
-0.010740
-0.024663
-0.053667
-0.066729
-0.095934
-0.102846
-0.075738
-0.033256
0.022351
0.061462
0.074985
0.071050
0.090269
0.100668
0.092229
0.070675
0.037727
0.010301
-0.001550
-0.022139
-0.003741
-0.004566
-0.023263
-0.046644
-0.026667
0.003809
0.022633
0.040998
0.028204
0.022389
-0.004215
-0.027101
-0.038464
-0.053910
-0.053811
-0.043393
-0.037619
-0.011265
0.007038
0.006748
-0.019147
-0.056771
-0.078980
-0.084319
-0.073038
-0.066738
-0.040309
-0.022291
-0.004877
0.008762
0.016871
0.030190
0.048077
0.058862
0.060858
0.043692
0.015080
-0.026915
-0.044477
-0.050319
-0.034293
-0.030222
-0.013761
-0.012793
-0.016305
-0.006012
0.012701
0.028419
0.026310
0.014385
0.001029
0.010139
-0.016390
-0.014163
0.000902
0.006277
0.024308
0.044920
0.040514
0.047914
0.048080
0.049383
0.063719
0.059771
0.070651
0.056173
0.038069
0.032864
0.019708
0.010526
0.001498
-0.019465
-0.037458
-0.058754
-0.061991
-0.037401
0.010014
0.045857
0.054634
0.035571
0.007265
0.008701
-0.009270
-0.010887
-0.029245
-0.027278
-0.023627
-0.014114
-0.013072
-0.013087
-0.022186
-0.006555
0.031179
0.055127
0.062395
0.055966
0.032473
0.001643
-0.049010
-0.087746
-0.118104
-0.135104
-0.131941
-0.112000
-0.088246
-0.051683
-0.018209
-0.005193
0.006320
0.024104
0.041360
0.038763
0.027994
0.006702
-0.007954
-0.031081
-0.019303
-0.002870
0.012360
0.008897
0.015282
0.034555
0.046193
0.041299
0.052431
0.037505
0.025936
0.000894
-0.031424
-0.061467
-0.063807
-0.044108
-0.028016
-0.005816
0.030761
0.062035
0.085031
0.091741
0.076821
0.066837
0.031505
0.017738
-0.002140
-0.021221
-0.041152
-0.020604
-0.013003
0.005253
0.017029
0.020658
0.047991
0.081183
0.088669
0.084554
0.075178
0.051326
0.036787
-0.008928
-0.046925
-0.064323
-0.093790
-0.101061
-0.120288
-0.099409
-0.055227
-0.004147
0.040607
0.042378
0.032434
0.022611
0.009771
0.014475
0.025938
0.014816
-0.006745
-0.026958
-0.058145
-0.085982
-0.121526
-0.123137
-0.084989
-0.047329
-0.023242
0.009366
0.004896
0.013861
0.014193
0.012908
0.004497
-0.010858
-0.005268
-0.019796
-0.028929
-0.037639
-0.033930
-0.035778
-0.028539
-0.026094
-0.029253
-0.011195
0.014188
0.022687
0.026967
0.044381
0.066289
0.086247
0.085912
0.078230
0.070640
0.063178
0.056428
0.033503
0.015487
0.009812
0.008878
0.021362
0.016358
0.010559
-0.009103
-0.013342
-0.017128
-0.007984
0.015489
0.028541
0.036461
0.040351
0.041735
0.036206
0.027047
0.023383
0.009970
0.009354
-0.012027
-0.020234
0.000206
-0.002126
-0.002338
-0.000713
0.001428
0.039056
0.049995
0.050835
0.052278
0.028062
-0.000150
-0.040825
-0.078091
-0.118801
-0.144573
-0.142554
-0.117057
-0.069713
-0.025429
0.005005
0.032042
0.040665
0.039658
0.006589
-0.018231
-0.044460
-0.051708
-0.059800
-0.062540
-0.061086
-0.050546
-0.058638
-0.030560
-0.012303
0.000649
0.053035
0.058136
0.058497
0.042108
0.024852
-0.009849
-0.030130
-0.039668
-0.040716
-0.015118
-0.032484
-0.048007
-0.048989
-0.031486
0.001940
0.021247
0.059210
0.066531
0.067677
0.061482
0.060168
0.059460
0.059217
0.061715
0.054546
0.047347
0.042213
0.043560
0.034617
0.039062
0.024532
0.020079
0.020102
0.017727
0.017031
0.018870
0.037107
0.041855
0.047752
0.039342
0.022211
0.005787
0.003997
0.025792
0.025721
0.003892
-0.037702
-0.079403
-0.107184
-0.101542
-0.070525
-0.038490
-0.003479
-0.002111
0.009369
-0.000461
0.017968
0.027019
0.032787
0.045956
0.048819
0.037565
0.026773
0.003044
-0.046801
-0.075966
-0.108890
-0.123457
-0.121586
-0.123871
-0.104180
-0.069568
-0.043383
-0.025541
-0.014105
-0.014058
-0.005457
-0.001088
0.014562
0.012915
-0.007106
-0.020435
-0.041685
-0.047198
-0.037185
-0.015304
0.030928
0.060377
0.081284
0.073901
0.071429
0.062448
0.062861
0.043023
0.021843
0.007511
0.002204
-0.013872
-0.016605
-0.020014
-0.019817
0.007247
0.037342
0.059552
0.065256
0.068361
0.039710
0.046011
0.054498
0.057810
0.063002
0.068683
0.061849
0.069451
0.072268
0.065363
0.077893
0.073910
0.058507
0.039241
0.002956
-0.012233
-0.052829
-0.087191
-0.121914
-0.143623
-0.136497
-0.091235
-0.056499
-0.033199
0.008667
0.040315
0.080970
0.085704
0.069680
0.022777
-0.018976
-0.046306
-0.073298
-0.074835
-0.068473
-0.048592
-0.045834
-0.011061
-0.016315
-0.009976
-0.008000
-0.010227
0.001232
0.010461
0.001037
-0.036512
-0.091122
-0.159249
-0.180373
-0.170408
-0.119642
-0.066547
-0.031791
-0.022293
-0.007812
0.025937
0.044975
0.056707
0.043717
0.042727
0.047543
0.029642
0.011390
-0.005249
-0.026436
-0.052734
-0.040879
-0.018472
0.010457
0.048643
0.063946
0.093772
0.135186
0.166151
0.174082
0.168727
0.132482
0.113150
0.092607
0.059639
0.020551
-0.035895
-0.066827
-0.076728
-0.048278
-0.017891
0.004112
0.010040
0.004833
0.010413
0.019983
0.031007
0.052628
0.055756
0.040039
0.020960
-0.013124
-0.031793
-0.046217
-0.039204
-0.031408
0.024898
0.062244
0.078034
0.070000
0.026593
-0.003845
-0.033949
-0.024664
-0.030681
-0.054722
-0.069706
-0.094252
-0.084063
-0.082975
-0.094961
-0.112737
-0.139840
-0.143466
-0.145099
-0.133228
-0.118046
-0.073023
-0.044790
0.001130
0.030485
0.074537
0.117291
0.142719
0.139697
0.119879
0.096625
0.062867
0.002629
-0.068602
-0.142017
-0.170301
-0.188212
-0.147010
-0.120904
-0.085123
-0.044721
0.000725
0.048208
0.058741
0.072974
0.065266
0.062668
0.057352
0.053968
0.064493
0.099698
0.118939
0.141040
0.142540
0.133942
0.132843
0.128213
0.107685
0.083011
0.076383
0.085750
0.082411
0.050328
0.007008
-0.040676
-0.080558
-0.093594
-0.093958
-0.103054
-0.114742
-0.091199
-0.057503
-0.012178
0.019912
0.049975
0.066567
0.079859
0.081413
0.065515
0.056082
0.066734
0.063686
0.049108
0.010793
-0.024949
-0.055370
-0.072832
-0.092239
-0.105394
-0.081203
-0.059163
-0.057752
-0.082186
-0.115199
-0.131455
-0.128588
-0.113218
-0.099682
-0.080189
-0.053688
-0.027949
-0.020196
-0.003693
-0.004141
-0.007333
0.017851
0.015890
0.008774
0.001593
-0.008239
-0.023733
-0.035456
-0.045962
-0.061349
-0.062349
-0.045481
-0.028573
0.021359
0.043525
0.059841
0.075389
0.066707
0.037875
0.019624
0.009136
0.003570
0.007382
0.000300
0.030979
0.070512
0.120753
0.156148
0.172134
0.169592
0.146239
0.098627
0.032655
-0.017828
-0.030934
-0.013726
0.001624
0.030879
0.029339
0.038204
0.041287
0.045872
0.069207
0.081523
0.084802
0.088354
0.090641
0.068670
0.034745
0.013980
-0.012885
-0.043082
-0.071420
-0.087673
-0.098448
-0.117521
-0.130507
-0.138923
-0.134636
-0.127728
-0.096570
-0.065254
-0.046787
-0.008176
0.014724
0.023451
0.041195
0.042977
0.035945
0.041163
0.029233
0.015864
0.011595
-0.011186
-0.016553
-0.011990
-0.025105
-0.058865
-0.094017
-0.107138
-0.105864
-0.106702
-0.116385
-0.110242
-0.104045
-0.102058
-0.120958
-0.121012
-0.110836
-0.094209
-0.077825
-0.060267
-0.034451
0.002892
0.040119
0.095482
0.148773
0.182486
0.209534
0.230810
0.238351
0.206274
0.176739
0.132399
0.087097
0.035195
0.006349
-0.031874
-0.056123
-0.085434
-0.099602
-0.102987
-0.082466
-0.040991
0.012058
0.049387
0.095201
0.127756
0.165514
0.170321
0.143007
0.103025
0.045750
0.004762
-0.009966
-0.019666
-0.026965
-0.048815
-0.045577
-0.011899
0.029766
0.068353
0.080925
0.082531
0.044022
-0.002571
-0.065970
-0.121662
-0.164921
-0.195817
-0.221312
-0.206967
-0.169358
-0.130193
-0.080168
-0.027817
0.031555
0.076587
0.122374
0.115293
0.100324
0.069112
0.034157
-0.001401
-0.046291
-0.093841
-0.151935
-0.184930
-0.175598
-0.145381
-0.097926
-0.064534
-0.048924
-0.043417
-0.047837
-0.025555
-0.004839
0.031371
0.057988
0.037083
0.017227
-0.008177
-0.029826
-0.039476
-0.033783
-0.018212
0.003892
0.038439
0.066327
0.083917
0.098073
0.110707
0.126428
0.133167
0.132838
0.117576
0.110402
0.106482
0.108192
0.106378
0.108201
0.106705
0.085787
0.071079
0.047150
0.034868
0.017964
0.026784
0.038483
0.029802
0.013580
0.011980
-0.012195
-0.026879
-0.056279
-0.088114
-0.103815
-0.106925
-0.105774
-0.102490
-0.086449
-0.065226
-0.025773
0.011229
0.021145
0.047428
0.053338
0.074175
0.100962
0.114953
0.121567
0.097239
0.063360
0.014351
-0.005667
-0.044509
-0.098174
-0.129009
-0.168179
-0.199648
-0.215036
-0.214313
-0.201916
-0.201282
-0.197691
-0.172398
-0.122036
-0.061566
-0.024711
0.005231
0.025142
0.028380
0.023966
0.011917
0.006731
0.000058
0.033528
0.073358
0.132246
0.169219
0.177455
0.148863
0.072712
0.012033
-0.040031
-0.085257
-0.111861
-0.115531
-0.103410
-0.085559
-0.075773
-0.052024
-0.019920
0.016689
0.051681
0.098636
0.144502
0.164667
0.158285
0.170368
0.189256
0.207364
0.201119
0.186944
0.149190
0.115600
0.099696
0.092370
0.085701
0.071066
0.027491
-0.023174
-0.075909
-0.118989
-0.171015
-0.181267
-0.174275
-0.159186
-0.126306
-0.099710
-0.067485
-0.032612
0.005100
0.034284
0.044147
0.058763
0.065297
0.073230
0.082973
0.092471
0.085315
0.042305
0.006176
-0.034461
-0.077362
-0.091533
-0.087143
-0.075934
-0.057878
-0.044907
-0.050657
-0.071827
-0.100641
-0.131162
-0.156383
-0.162825
-0.134008
-0.112760
-0.090972
-0.063683
-0.049885
-0.052003
-0.036768
-0.020883
-0.002355
0.024236
0.049763
0.072201
0.110884
0.117746
0.098084
0.061467
0.024506
-0.008923
-0.033291
-0.042488
-0.018241
-0.005231
0.030546
0.060376
0.092753
0.117357
0.121231
0.103631
0.082127
0.091716
0.094174
0.101765
0.107704
0.113346
0.105747
0.076708
0.038239
-0.011629
-0.031591
-0.027011
-0.027567
-0.019712
-0.003161
0.010271
0.021064
0.037900
0.049990
0.048360
0.032943
0.034295
0.047215
0.049051
0.059092
0.035038
-0.005482
-0.045439
-0.076603
-0.111420
-0.110427
-0.093190
-0.069474
-0.054178
-0.043354
-0.043074
-0.044233
-0.046174
-0.069552
-0.082465
-0.104488
-0.131886
-0.123606
-0.104781
-0.067587
-0.012785
0.024579
0.038274
0.028046
-0.001877
-0.002149
0.021523
0.061764
0.088987
0.102721
0.069873
0.005619
-0.065426
-0.148760
-0.204702
-0.238553
-0.225567
-0.215090
-0.182591
-0.127579
-0.057327
0.010595
0.052123
0.084173
0.094819
0.101785
0.091923
0.097222
0.121296
0.141546
0.162792
0.171814
0.177931
0.164327
0.166279
0.186011
0.186966
0.199340
0.194172
0.178260
0.119276
0.047621
-0.009312
-0.090920
-0.127412
-0.158548
-0.184826
-0.185946
-0.168362
-0.107620
-0.043001
-0.002907
0.001408
0.004545
0.010004
0.032877
0.076198
0.111384
0.124439
0.121819
0.112565
0.084388
0.051947
0.001059
-0.026786
-0.052510
-0.055062
-0.043966
-0.045081
-0.046981
-0.053589
-0.063913
-0.065659
-0.093439
-0.121433
-0.152507
-0.161574
-0.140606
-0.097846
-0.035590
-0.006200
0.000011
-0.037205
-0.048462
-0.050688
-0.051472
-0.050813
-0.041875
-0.024119
0.015054
0.031871
0.032807
0.011292
-0.041129
-0.077272
-0.080109
-0.066058
-0.039823
-0.013365
0.016563
0.023841
0.048118
0.056934
0.019888
0.005715
-0.008559
-0.002480
0.043891
0.079384
0.122397
0.140800
0.115253
0.106286
0.104836
0.088438
0.070206
0.065129
0.049134
0.066455
0.081874
0.085557
0.073274
0.048453
0.037356
0.029059
0.043293
0.064163
0.074707
0.065938
0.042437
-0.001292
-0.024338
-0.076060
-0.115010
-0.117111
-0.114776
-0.088132
-0.057786
-0.029223
0.017083
0.022796
0.002723
-0.002445
-0.042536
-0.083792
-0.103254
-0.086382
-0.040995
0.012244
0.051273
0.072725
0.070902
0.056824
0.027224
0.003285
0.022153
0.031504
0.040427
0.024164
-0.022350
-0.063353
-0.112156
-0.160129
-0.218046
-0.255067
-0.297579
-0.282198
-0.237320
-0.156704
-0.077433
-0.036650
-0.018791
0.003115
0.008112
0.024725
0.054592
0.097246
0.140492
0.173667
0.188900
0.188687
0.162842
0.140194
0.109895
0.087038
0.063332
0.059706
0.049380
0.037734
0.022195
0.012509
0.000998
-0.032364
-0.072326
-0.084204
-0.073803
-0.038361
0.010672
0.038491
0.051797
0.041801
0.046213
0.052587
0.055184
0.062070
0.117895
0.164786
0.214463
0.227111
0.193805
0.128288
0.045882
-0.022187
-0.054493
-0.079241
-0.115002
-0.121863
-0.135363
-0.128934
-0.134043
-0.116515
-0.113814
-0.125542
-0.137905
-0.135812
-0.092622
-0.027955
0.031836
0.071287
0.092906
0.096151
0.079630
0.027652
-0.002159
-0.000644
-0.001550
0.021689
0.040947
0.026411
0.015492
-0.004855
-0.043523
-0.080048
-0.115844
-0.149441
-0.168697
-0.171690
-0.150691
-0.139356
-0.127619
-0.112610
-0.106063
-0.081474
-0.046026
-0.029072
0.027065
0.104824
0.147037
0.154172
0.131586
0.088198
0.055432
0.029352
0.011377
0.029671
0.032528
0.050433
0.068099
0.079118
0.093090
0.090313
0.089136
0.094999
0.095408
0.096719
0.098260
0.089063
0.074803
0.047154
0.043858
0.022983
-0.003987
-0.030287
-0.035863
-0.027122
0.007041
0.046076
0.054918
0.021252
-0.030342
-0.063064
-0.083884
-0.103434
-0.105680
-0.083438
-0.057559
-0.018308
0.020069
0.043307
0.062947
0.084705
0.085280
0.053693
0.022098
0.009552
0.007167
0.012811
-0.022542
-0.041935
-0.047067
-0.083723
-0.105035
-0.101710
-0.089975
-0.075241
-0.054899
-0.047478
-0.067342
-0.091556
-0.113596
-0.125110
-0.129843
-0.132548
-0.137575
-0.116411
-0.065533
0.000374
0.051260
0.078749
0.079211
0.085507
0.102068
0.112277
0.099313
0.103903
0.080818
0.022553
-0.038991
-0.064454
-0.080204
-0.089799
-0.082340
-0.081172
-0.081518
-0.036532
0.022004
0.068485
0.094511
0.120870
0.116622
0.134410
0.150457
0.150784
0.153599
0.156805
0.160877
0.165461
0.132424
0.088624
0.055086
0.044331
0.031007
0.015515
0.001226
-0.008816
-0.045386
-0.089772
-0.126332
-0.135993
-0.150548
-0.153994
-0.164156
-0.159236
-0.127635
-0.085310
-0.030595
0.021894
0.052159
0.060087
0.073121
0.087476
0.086804
0.091370
0.100186
0.100668
0.096369
0.069109
0.042129
0.025136
-0.009195
-0.025517
-0.021504
-0.039253
-0.067057
-0.113760
-0.158738
-0.207033
-0.219099
-0.219637
-0.190976
-0.159805
-0.138347
-0.117702
-0.078141
-0.017218
0.025804
0.028041
0.009065
-0.018845
-0.030084
0.000390
0.034691
0.065614
0.069560
0.093486
0.103830
0.105266
0.106397
0.110568
0.098066
0.081326
0.043466
0.039275
0.029730
0.014756
0.010578
0.021974
0.023484
0.009664
0.025232
0.033238
0.045104
0.050091
0.064896
0.065381
0.063955
0.041976
0.029829
0.042807
0.049250
0.045058
0.032149
0.023569
0.011875
0.002447
-0.018544
-0.031875
-0.050304
-0.048189
-0.013898
0.010359
0.033961
0.063728
0.055697
0.028833
0.004888
-0.028132
-0.049472
-0.060773
-0.073873
-0.078995
-0.086008
-0.096380
-0.094576
-0.075978
-0.057561
-0.057107
-0.057281
-0.042845
-0.012256
0.017355
0.043813
0.067257
0.072478
0.054547
0.032511
-0.003993
-0.027265
-0.044901
-0.059027
-0.088933
-0.107602
-0.107703
-0.114257
-0.112809
-0.111731
-0.110787
-0.068285
-0.040716
-0.007240
0.008533
0.020522
0.025547
0.027344
0.020773
-0.009154
-0.027622
-0.021651
0.012970
0.064149
0.104307
0.143147
0.178558
0.191214
0.214891
0.230355
0.224586
0.197861
0.154355
0.108659
0.046156
-0.003145
-0.056661
-0.110182
-0.138669
-0.164671
-0.145132
-0.090017
-0.043689
-0.009268
0.009792
0.026573
0.044781
0.044139
0.030284
0.019043
-0.000828
-0.006213
-0.002862
0.005182
0.007058
0.018685
0.020566
0.028888
0.045765
0.043991
0.051224
0.048832
0.037527
0.013140
-0.025750
-0.049182
-0.093710
-0.119358
-0.142325
-0.168043
-0.160438
-0.153989
-0.109822
-0.050025
-0.001574
0.048217
0.058969
0.046873
0.009647
-0.015888
-0.038762
-0.035393
-0.055696
-0.067555
-0.067231
-0.063152
-0.047136
-0.027781
-0.019796
-0.027953
-0.023952
-0.018165
-0.003535
-0.011910
-0.021381
-0.021988
-0.026649
-0.015421
-0.014808
0.004960
0.064952
0.101098
0.113440
0.122329
0.098534
0.079144
0.058865
0.051368
0.054634
0.044682
0.045047
0.055010
0.067496
0.073568
0.091230
0.100905
0.112121
0.115805
0.101432
0.093529
0.095242
0.065985
0.050141
0.016621
-0.020263
-0.048423
-0.084491
-0.107987
-0.121459
-0.113724
-0.083298
-0.074569
-0.058338
-0.034517
-0.024167
-0.017390
-0.011334
-0.009398
-0.031009
-0.048922
-0.061921
-0.062444
-0.062398
-0.053744
-0.024408
0.009595
0.048081
0.099455
0.129776
0.139018
0.140677
0.129882
0.105747
0.054473
-0.001309
-0.061189
-0.129394
-0.199104
-0.234662
-0.239056
-0.242544
-0.226986
-0.182814
-0.143172
-0.116520
-0.092659
-0.066162
-0.029824
-0.008703
0.015288
0.045550
0.049784
0.058924
0.090686
0.122249
0.147749
0.163064
0.151156
0.140307
0.133032
0.115268
0.099267
0.069943
0.041884
0.027342
0.016969
0.024804
0.010952
0.006642
0.000803
-0.015314
-0.016666
-0.021389
-0.028282
-0.029343
-0.028094
-0.009732
0.017719
0.056459
0.104441
0.128759
0.140341
0.124143
0.117459
0.099988
0.074158
0.041829
0.005028
-0.011788
-0.040301
-0.076237
-0.104531
-0.123419
-0.135865
-0.131282
-0.131592
-0.115039
-0.089643
-0.062244
-0.037615
-0.016856
0.007361
0.014636
0.024811
0.035495
0.053970
0.057649
0.025754
-0.003211
-0.032574
-0.051178
-0.050495
-0.045383
-0.014845
0.009878
0.011202
-0.000257
-0.032135
-0.053366
-0.089985
-0.115450
-0.147677
-0.167064
-0.181516
-0.180520
-0.165833
-0.120442
-0.083219
-0.028881
0.029021
0.060425
0.074896
0.093158
0.112889
0.098646
0.094761
0.074739
0.079087
0.097421
0.095221
0.099420
0.100419
0.105294
0.120621
0.110085
0.108003
0.102539
0.088864
0.070964
0.047610
0.005090
-0.019133
-0.023155
0.007605
0.025686
0.038810
0.043940
0.035658
0.019247
0.005996
0.002638
-0.025397
-0.036742
-0.060876
-0.074881
-0.081115
-0.071716
-0.059847
-0.045890
-0.035209
-0.018291
0.000659
0.043500
0.071242
0.081697
0.091886
0.096602
0.087010
0.066234
0.030260
-0.026203
-0.078356
-0.100153
-0.104297
-0.109178
-0.094066
-0.087990
-0.070541
-0.060924
-0.041090
-0.028344
-0.033427
-0.032076
-0.054941
-0.093780
-0.117430
-0.130423
-0.132210
-0.136627
-0.114149
-0.093233
-0.035253
0.026480
0.090561
0.141857
0.161890
0.156713
0.123260
0.085703
0.032246
-0.011347
-0.035414
-0.050667
-0.080044
-0.079343
-0.064331
-0.050663
-0.037884
-0.007320
0.020160
0.049315
0.076283
0.077525
0.070376
0.072059
0.086068
0.098610
0.111129
0.104666
0.107303
0.091996
0.096116
0.107702
0.102624
0.100084
0.105982
0.102052
0.084384
0.058998
0.022483
-0.026140
-0.065718
-0.102868
-0.133856
-0.127391
-0.125799
-0.123308
-0.117051
-0.114890
-0.103880
-0.083695
-0.049927
-0.026309
0.020709
0.050534
0.060966
0.064158
0.045388
0.033995
0.032036
0.047267
0.067005
0.064015
0.058192
0.039095
0.001620
-0.045437
-0.082327
-0.123859
-0.155181
-0.170436
-0.163938
-0.173237
-0.149566
-0.109351
-0.079952
-0.047467
-0.005030
0.008118
0.020904
0.003470
-0.027813
-0.043490
-0.042248
-0.049126
-0.027420
-0.012196
-0.008792
0.022661
0.045281
0.088757
0.103712
0.124406
0.138440
0.144680
0.133918
0.112566
0.073463
0.027039
0.003973
0.003554
-0.003348
-0.002298
0.009349
0.021819
0.024389
0.035476
0.046341
0.041505
0.054680
0.067786
0.079236
0.087766
0.088763
0.079843
0.061478
0.041221
0.016092
-0.001876
-0.022432
-0.039098
-0.028486
-0.026479
-0.021368
-0.015921
-0.006438
0.015810
0.012871
-0.003580
-0.011274
-0.018159
-0.030445
-0.028543
-0.033175
-0.045633
-0.045332
-0.051898
-0.063485
-0.076173
-0.057539
-0.044897
-0.037091
-0.031747
-0.025361
-0.022835
-0.023915
-0.024797
-0.018201
-0.003319
0.014774
0.023164
0.029982
0.033278
0.016231
-0.002034
-0.029475
-0.060633
-0.094486
-0.121355
-0.143807
-0.149392
-0.143778
-0.108128
-0.083331
-0.048123
-0.018628
0.007636
0.011377
0.008052
0.015977
0.020481
0.026195
0.045522
0.058265
0.074140
0.097496
0.128946
0.175006
0.205110
0.226839
0.217845
0.205302
0.155541
0.102082
0.063194
0.021669
-0.008941
-0.050858
-0.082355
-0.092027
-0.084637
-0.065020
-0.052657
-0.037052
-0.021030
-0.011066
-0.024943
-0.040821
-0.027284
0.000090
0.014424
0.032521
0.029672
0.017453
0.016245
0.002243
-0.021563
-0.010313
-0.003709
0.035660
0.046320
0.061338
0.048110
0.027796
0.001898
-0.030067
-0.038829
-0.057867
-0.089152
-0.102583
-0.113141
-0.143697
-0.150576
-0.138076
-0.111577
-0.068200
-0.048920
-0.034245
-0.009055
-0.012885
-0.005185
0.007374
0.007519
0.003846
0.018225
0.005021
0.020858
0.024788
0.006822
0.009976
0.003724
-0.014557
-0.044113
-0.054817
-0.050862
-0.066441
-0.056947
-0.031639
-0.004557
0.030670
0.047281
0.071006
0.092437
0.101898
0.107819
0.085058
0.082783
0.084689
0.090531
0.098583
0.076036
0.055220
0.011365
-0.007191
-0.017080
-0.003239
0.029345
0.044981
0.075151
0.093549
0.114745
0.094165
0.077127
0.053792
0.018264
-0.026259
-0.052998
-0.062299
-0.073717
-0.067803
-0.074988
-0.067916
-0.043716
-0.033026
-0.017893
-0.028863
-0.011611
0.011470
0.029465
0.031878
0.033757
0.008494
-0.029968
-0.044187
-0.048286
-0.034642
-0.002339
0.026294
0.040919
0.030112
-0.010880
-0.047084
-0.070167
-0.088909
-0.102177
-0.121062
-0.094820
-0.092366
-0.077720
-0.073466
-0.071146
-0.062723
-0.056101
-0.045948
-0.060531
-0.070611
-0.064958
-0.036220
-0.009997
0.011451
0.014725
0.007416
0.008539
0.011339
0.045862
0.079603
0.115261
0.142022
0.165329
0.165358
0.130121
0.101266
0.056183
0.023137
-0.019784
-0.020540
-0.015689
-0.001602
0.015771
-0.013860
-0.031026
-0.051293
-0.063059
-0.047289
-0.047090
-0.043863
0.006630
0.061527
0.095571
0.129220
0.137530
0.122157
0.100513
0.083545
0.072536
0.062185
0.064676
0.066335
0.071736
0.045659
0.020986
-0.019866
-0.064542
-0.108750
-0.132573
-0.138347
-0.127617
-0.100373
-0.106023
-0.107232
-0.105520
-0.094376
-0.066609
-0.027608
0.011746
0.046935
0.073141
0.111293
0.097211
0.046847
-0.022020
-0.070488
-0.101124
-0.091785
-0.069975
-0.026909
0.008750
0.059670
0.074100
0.049816
0.026315
-0.031249
-0.084059
-0.129146
-0.156683
-0.162382
-0.134903
-0.093056
-0.070763
-0.047278
-0.033971
-0.023779
-0.007423
0.001178
0.007664
0.045201
0.108650
0.164424
0.192278
0.206415
0.178661
0.145716
0.110305
0.096094
0.083443
0.071509
0.062384
0.045389
-0.011593
-0.060834
-0.095380
-0.104809
-0.098784
-0.072795
-0.035932
-0.010070
0.033728
0.061214
0.069411
0.075638
0.060284
0.026581
0.011674
-0.001871
0.001786
0.024388
0.060488
0.069293
0.052077
0.021982
-0.020473
-0.050114
-0.058440
-0.045025
-0.029292
-0.013547
0.004071
0.019494
0.014931
-0.017507
-0.047760
-0.077702
-0.104234
-0.098156
-0.100316
-0.079035
-0.038237
-0.002699
-0.011871
-0.025099
-0.037305
-0.050156
-0.045100
-0.047763
-0.042375
-0.024514
0.005523
0.013873
-0.000140
-0.039789
-0.049656
-0.056113
-0.038824
-0.014194
0.010594
0.028440
0.032286
0.042145
0.034455
0.026576
0.001087
-0.033614
-0.048696
-0.063143
-0.048826
-0.005849
0.041325
0.074440
0.086447
0.091160
0.083837
0.061033
0.065797
0.066516
0.071873
0.074522
0.071908
0.061667
0.020287
-0.019760
-0.042195
-0.036958
-0.013826
0.020706
0.060685
0.092162
0.125528
0.134606
0.127874
0.090866
0.043112
-0.019193
-0.060464
-0.102106
-0.130698
-0.132992
-0.128797
-0.129056
-0.123596
-0.089208
-0.062724
-0.024705
-0.007800
0.017627
0.062582
0.084966
0.104803
0.108968
0.082175
0.057912
0.030008
0.004795
0.002720
0.016929
0.030355
0.026565
0.004846
-0.026411
-0.067990
-0.102676
-0.128093
-0.154306
-0.170367
-0.196184
-0.190767
-0.164457
-0.131848
-0.094086
-0.049989
-0.014045
0.004661
0.019367
0.023951
0.044695
0.072942
0.093152
0.100137
0.111189
0.099564
0.101353
0.094107
0.080158
0.090358
0.073036
0.056985
0.045526
0.035439
0.016724
-0.000940
-0.017891
-0.030848
-0.035590
-0.049525
-0.044030
-0.030469
-0.012839
-0.028290
-0.033290
-0.031524
-0.037625
-0.011959
0.007671
0.056819
0.097602
0.140926
0.167372
0.171164
0.142912
0.098182
0.053030
0.016913
-0.006414
-0.029927
-0.055235
-0.078929
-0.086518
-0.075434
-0.043019
-0.032227
-0.033521
-0.074194
-0.093548
-0.108083
-0.098116
-0.066082
-0.023815
0.006283
0.046579
0.066944
0.089609
0.106148
0.093816
0.075752
0.034563
-0.020458
-0.073207
-0.115875
-0.145941
-0.141305
-0.121794
-0.094919
-0.067897
-0.048072
-0.022095
-0.008143
0.006474
0.003707
0.008461
0.001106
-0.018615
-0.051128
-0.052540
-0.048471
-0.041629
-0.012355
-0.006144
0.012485
0.052514
0.068132
0.085754
0.085909
0.075829
0.065540
0.050824
0.062430
0.075279
0.086352
0.068304
0.047558
0.023576
0.020813
0.015198
0.025412
0.038759
0.047981
0.035965
0.022952
0.010480
0.004799
-0.015858
-0.027948
-0.040382
-0.057862
-0.060325
-0.055592
-0.050792
-0.012536
0.013846
0.022975
0.038399
0.033929
0.038335
0.037794
0.046231
0.052723
0.061432
0.035607
0.037825
0.031260
0.028662
0.017858
0.019284
0.016866
0.006566
-0.003747
-0.003807
0.003883
-0.009800
-0.040873
-0.073569
-0.112086
-0.149827
-0.171970
-0.194142
-0.191611
-0.157826
-0.122339
-0.074334
-0.044422
0.001066
0.033862
0.057191
0.065325
0.083411
0.095146
0.091053
0.085746
0.087225
0.084579
0.070740
0.053893
0.013530
-0.021567
-0.049648
-0.052365
-0.060506
-0.035928
-0.032383
-0.060228
-0.095704
-0.100802
-0.083587
-0.056613
-0.013356
0.035191
0.071825
0.112839
0.107798
0.129975
0.131071
0.128180
0.120384
0.110006
0.094722
0.073065
0.059115
0.045663
0.035636
0.010539
-0.010767
-0.046049
-0.064654
-0.072984
-0.061237
-0.040892
-0.006716
-0.001798
-0.035234
-0.077118
-0.104355
-0.098188
-0.101410
-0.095012
-0.063831
-0.021196
0.028785
0.087305
0.130094
0.165788
0.158785
0.124209
0.070701
0.034299
-0.015184
-0.050357
-0.079028
-0.090242
-0.079753
-0.062973
-0.059830
-0.049104
-0.032673
-0.039662
-0.033747
-0.053304
-0.055204
-0.076345
-0.084155
-0.090484
-0.100808
-0.092200
-0.083003
-0.059853
-0.020991
0.019547
0.067787
0.089624
0.085201
0.069324
0.039787
0.004493
-0.009329
-0.018288
-0.009113
0.006484
0.014010
0.033401
0.032546
0.010540
0.013077
0.007588
0.017424
0.049913
0.082187
0.116983
0.153566
0.146683
0.126392
0.088972
0.037703
-0.007446
-0.058342
-0.091534
-0.102794
-0.100478
-0.078919
-0.047687
-0.007014
0.017801
0.037240
0.048136
0.051093
0.048991
0.047107
0.044619
0.052745
0.050647
0.016266
-0.014834
-0.036280
-0.061689
-0.059186
-0.033607
-0.016230
0.014164
0.027941
0.019585
-0.015684
-0.055203
-0.084350
-0.096403
-0.094667
-0.078747
-0.054239
-0.028112
-0.010510
0.003086
0.029725
0.034370
0.033833
0.027808
0.007769
0.000463
-0.010194
-0.007258
0.017309
0.009845
-0.006035
-0.016968
-0.031166
-0.043856
-0.036981
-0.031654
-0.032681
-0.044277
-0.053173
-0.085219
-0.122703
-0.156201
-0.151092
-0.135832
-0.091127
-0.033026
0.028892
0.089929
0.143072
0.177001
0.187778
0.165948
0.148916
0.118261
0.107205
0.116241
0.125107
0.143252
0.133300
0.108397
0.069250
0.025180
-0.016743
-0.057675
-0.089172
-0.102976
-0.104870
-0.089604
-0.073608
-0.075116
-0.081567
-0.073613
-0.081749
-0.069353
-0.030066
0.001770
0.049365
0.094496
0.124659
0.112521
0.073977
0.035401
0.015111
0.000357
0.010096
0.024197
0.030251
0.024726
0.013175
-0.009941
-0.033191
-0.043674
-0.052891
-0.057669
-0.048605
-0.028841
-0.027308
-0.028852
-0.063041
-0.091018
-0.104909
-0.100339
-0.087963
-0.063330
-0.039938
-0.009207
0.020694
0.039803
0.049572
0.051213
0.025461
-0.004382
-0.021981
-0.023297
-0.026638
-0.027864
0.001261
0.020723
0.016736
-0.014601
-0.030868
-0.038803
-0.034187
-0.004142
0.037913
0.074563
0.098212
0.098582
0.072842
0.017773
-0.023830
-0.049860
-0.046176
-0.025709
0.005359
0.043673
0.085205
0.116074
0.147438
0.155149
0.134151
0.096070
0.041635
0.002630
-0.020924
-0.023755
-0.024868
-0.017565
-0.019321
-0.033271
-0.025040
-0.021692
0.002517
0.033741
0.044617
0.055102
0.040436
-0.000738
-0.056446
-0.111934
-0.148902
-0.159812
-0.143187
-0.085884
-0.035536
0.005494
0.037030
0.041192
0.028263
0.015552
0.007911
0.010640
0.020344
0.031543
0.044343
0.054281
0.053442
0.033652
-0.009331
-0.041051
-0.062114
-0.094744
-0.096970
-0.092561
-0.083439
-0.078978
-0.074322
-0.071585
-0.079699
-0.088341
-0.083737
-0.064159
-0.021516
0.021782
0.058601
0.087760
0.085477
0.057272
0.037220
0.009829
-0.001279
-0.000394
0.025205
0.049001
0.065332
0.069407
0.066744
0.055189
0.034621
0.026157
0.008792
0.005131
0.015395
0.037995
0.049923
0.039813
0.030243
0.007890
-0.023092
-0.048683
-0.058361
-0.029705
0.023858
0.066104
0.088105
0.103667
0.112527
0.107391
0.085885
0.068810
0.060963
0.019359
0.002825
-0.018111
-0.024528
-0.052222
-0.079160
-0.101092
-0.117042
-0.102867
-0.088085
-0.047345
0.006152
0.052058
0.056346
0.043124
-0.010022
-0.074598
-0.104438
-0.120385
-0.104143
-0.062003
-0.003944
0.025502
0.037860
0.041037
0.035516
0.027701
0.020355
-0.000039
-0.016547
-0.023089
-0.028238
-0.026308
-0.024366
-0.019590
-0.033619
-0.056940
-0.057099
-0.042231
-0.026782
0.008182
0.039917
0.060224
0.047460
0.021044
-0.039055
-0.073305
-0.103738
-0.107888
-0.070796
-0.014988
0.035648
0.063767
0.057653
0.037527
0.023752
0.035981
0.042536
0.062226
0.083745
0.108144
0.110290
0.111328
0.103361
0.106559
0.085858
0.072731
0.056343
0.035791
0.045944
0.044971
0.056796
0.047527
0.018637
-0.033307
-0.090239
-0.125126
-0.130384
-0.115392
-0.069617
-0.023265
0.015946
0.029309
0.006936
-0.012117
-0.028696
-0.029607
-0.030486
-0.007941
0.014937
0.038026
0.044207
0.024778
0.002580
-0.025042
-0.049752
-0.057041
-0.045552
-0.022158
0.013082
0.039973
0.027334
-0.000398
-0.040190
-0.086573
-0.124190
-0.142950
-0.141360
-0.113461
-0.062037
-0.024686
0.003324
0.025497
0.013616
0.002525
-0.004936
0.012419
0.032093
0.060645
0.074748
0.069171
0.048844
0.018421
-0.028222
-0.068936
-0.084400
-0.086595
-0.059820
-0.015041
0.037241
0.070427
0.073308
0.044360
-0.000208
-0.029686
-0.035466
-0.018716
0.011550
0.067776
0.108843
0.141806
0.159163
0.153031
0.132064
0.099241
0.057712
0.016792
0.004450
0.002916
0.003556
0.003900
-0.004446
-0.023190
-0.040426
-0.045857
-0.044008
-0.028416
0.002080
0.043079
0.067616
0.064201
0.029465
-0.032095
-0.075213
-0.112885
-0.115316
-0.088685
-0.051190
0.019710
0.051153
0.059267
0.040469
-0.012819
-0.049312
-0.060430
-0.038805
-0.001653
0.033090
0.041099
0.012079
-0.044044
-0.084400
-0.101419
-0.108295
-0.100667
-0.074583
-0.050030
-0.006006
0.036372
0.063578
0.058384
0.037219
-0.007514
-0.062745
-0.107339
-0.124150
-0.110106
-0.057482
-0.005182
0.025279
0.023635
0.018206
-0.008608
-0.004099
0.005225
0.023439
0.058853
0.076944
0.088794
0.081852
0.056766
0.032173
0.013903
0.018811
0.019042
0.036376
0.080118
0.125103
0.152271
0.143059
0.107272
0.040840
-0.021511
-0.067312
-0.096013
-0.100867
-0.070853
-0.035356
0.001763
0.037422
0.045134
0.024336
0.017014
0.011970
0.015664
0.043261
0.068833
0.083360
0.090033
0.062611
0.032493
0.000401
-0.033921
-0.052137
-0.067392
-0.044382
-0.020973
-0.005987
-0.012007
-0.052782
-0.095507
-0.135112
-0.147933
-0.135036
-0.095730
-0.051889
-0.001139
0.021522
0.028525
0.022978
0.001393
-0.028067
-0.039689
-0.039203
-0.023800
0.011294
0.043005
0.059573
0.061219
0.024210
-0.018460
-0.065792
-0.099985
-0.119896
-0.110462
-0.039264
0.024702
0.056114
0.045923
0.018845
-0.012598
-0.045645
-0.066766
-0.064731
-0.053250
-0.022049
0.022078
0.058042
0.090124
0.093289
0.088365
0.074968
0.068558
0.070669
0.087882
0.112448
0.111661
0.093163
0.038491
-0.015481
-0.048600
-0.039658
-0.027239
-0.014304
0.021077
0.040246
0.067094
0.083242
0.082277
0.075493
0.058978
0.009800
-0.033906
-0.038396
-0.030540
0.010866
0.039587
0.064865
0.064801
0.016900
-0.023387
-0.056564
-0.079678
-0.079213
-0.059050
-0.039813
-0.042299
-0.059368
-0.083914
-0.102980
-0.102250
-0.077937
-0.054257
-0.000102
0.045300
0.080573
0.092067
0.069619
0.025516
-0.010209
-0.071874
-0.099156
-0.099268
-0.079974
-0.044422
-0.005432
-0.002720
-0.005393
-0.032059
-0.060906
-0.081961
-0.096677
-0.082791
-0.033017
0.024659
0.058361
0.078231
0.058153
0.038232
0.010158
-0.006861
-0.023412
-0.016930
0.010328
0.029738
0.056024
0.060711
0.054534
0.043481
0.011910
-0.021196
-0.029898
-0.027550
-0.011085
0.023545
0.028966
0.045495
0.061782
0.050226
0.044682
0.040188
0.036287
0.041893
0.074605
0.093027
0.091148
0.076062
0.041344
0.021503
0.003519
-0.007269
-0.006195
0.013802
0.030102
0.037019
0.043190
0.021026
-0.019654
-0.060589
-0.112577
-0.144476
-0.150186
-0.126247
-0.084753
-0.053328
-0.031291
-0.000612
0.006521
0.031398
0.039954
0.040563
0.050866
0.076558
0.112329
0.101932
0.069418
-0.000008
-0.071768
-0.123628
-0.137770
-0.118999
-0.086672
-0.059710
-0.024461
-0.004687
-0.002896
-0.007459
-0.025959
-0.054866
-0.091516
-0.110407
-0.099128
-0.064973
-0.015960
0.033697
0.059588
0.080293
0.078729
0.052013
0.027360
0.015682
0.016035
0.036224
0.067747
0.062975
0.049444
0.012419
-0.023343
-0.037456
-0.045058
-0.026093
0.005779
0.026036
0.037850
0.057439
0.062382
0.058510
0.049823
0.036971
0.025344
0.034505
0.043300
0.055819
0.061892
0.046844
0.049343
0.024619
0.001569
-0.011031
-0.030175
-0.021808
0.004510
0.046118
0.058661
0.051403
0.030229
-0.014598
-0.051385
-0.060465
-0.071920
-0.047498
-0.018101
-0.002621
0.008001
0.018647
-0.003151
-0.012882
-0.021073
-0.030807
-0.034525
-0.018431
-0.015330
-0.016839
-0.018338
-0.028709
-0.037719
-0.059460
-0.082834
-0.093647
-0.075225
-0.054545
-0.013582
0.028321
0.041111
0.014328
-0.023838
-0.051814
-0.050914
-0.039218
-0.018641
0.022612
0.042528
0.060225
0.084256
0.079075
0.055234
0.017519
-0.019507
-0.065775
-0.076770
-0.081301
-0.072502
-0.045312
-0.015504
0.004053
0.010565
0.014597
0.010561
0.007902
0.022826
0.058601
0.095481
0.107347
0.096201
0.069312
0.031849
0.019387
0.026221
0.033691
0.045687
0.054173
0.044771
0.029592
0.016549
-0.001431
-0.014786
-0.038577
-0.050506
-0.049967
-0.032105
-0.016387
0.011075
0.042804
0.076175
0.066958
0.039587
0.002693
-0.031190
-0.033016
-0.006501
0.030822
0.057642
0.040263
0.019007
-0.023850
-0.052953
-0.053947
-0.056026
-0.034402
-0.014010
-0.017890
-0.024593
-0.032317
-0.050619
-0.069449
-0.097074
-0.102782
-0.112647
-0.104741
-0.077010
-0.063743
-0.028147
0.003114
0.016195
0.019905
0.031672
0.040202
0.057745
0.084573
0.097536
0.102359
0.094718
0.063155
0.035695
-0.014113
-0.045501
-0.078434
-0.097185
-0.084161
-0.056608
-0.028836
-0.004257
0.024344
0.021789
0.008425
-0.003086
-0.013186
-0.025805
-0.009655
-0.001439
0.008233
0.027938
0.044092
0.042635
0.048627
0.048667
0.048761
0.060832
0.080137
0.098341
0.110776
0.106612
0.083731
0.037593
-0.006788
-0.041147
-0.052271
-0.037157
-0.009184
0.008871
0.009596
0.007508
0.010044
-0.006597
-0.035378
-0.051051
-0.065936
-0.057099
-0.042411
-0.036353
-0.031004
-0.015946
-0.016165
-0.023483
-0.025643
-0.027709
-0.024223
-0.008637
0.001458
0.013576
0.009199
0.004140
-0.012931
-0.046119
-0.042393
-0.036800
-0.014712
0.005141
0.025399
0.026786
0.012899
0.004382
-0.010730
-0.037132
-0.048850
-0.052392
-0.042370
-0.018728
-0.013005
0.003003
0.012380
0.013406
0.028577
0.013173
0.005124
0.002357
-0.003252
0.003438
0.012086
0.022624
0.016369
0.010520
-0.016355
-0.041835
-0.048284
-0.039753
-0.019184
0.014383
0.055921
0.078036
0.082910
0.087954
0.071402
0.055839
0.039870
0.011769
-0.012939
-0.033873
-0.050965
-0.050252
-0.042731
-0.027482
-0.024686
0.002648
0.027758
0.057319
0.098811
0.125540
0.132443
0.109032
0.075271
0.041490
-0.005876
-0.037606
-0.082772
-0.091301
-0.074930
-0.053162
-0.025020
-0.003897
0.005647
-0.007506
-0.025148
-0.028581
-0.041430
-0.035313
-0.030113
-0.033811
-0.049188
-0.061105
-0.059882
-0.070194
-0.071608
-0.050279
-0.022362
0.010521
0.026325
0.040742
0.057035
0.061115
0.060604
0.048793
0.033769
0.026694
0.025034
0.043840
0.040575
0.040972
0.012279
-0.006896
-0.020743
-0.048103
-0.057686
-0.068710
-0.067538
-0.060933
-0.052483
-0.044052
-0.025060
-0.022181
-0.012678
-0.009402
0.005563
0.031124
0.035618
0.060667
0.070425
0.088508
0.098608
0.095617
0.083507
0.048471
0.025972
-0.001089
-0.009254
-0.019852
-0.015328
-0.020435
-0.029290
-0.018670
-0.013210
-0.024547
-0.031333
-0.036998
-0.033771
-0.015507
-0.002901
-0.013323
-0.018396
-0.035320
-0.033364
-0.026315
-0.002127
0.029635
0.064017
0.095035
0.107232
0.099992
0.080015
0.057283
0.017565
-0.026885
-0.055204
-0.065406
-0.069756
-0.059708
-0.050719
-0.056583
-0.065731
-0.060877
-0.067082
-0.075772
-0.070251
-0.067326
-0.044226
-0.028243
-0.015745
0.017212
0.026008
0.023139
0.029630
0.034654
0.045735
0.062429
0.091572
0.097783
0.089750
0.070772
0.056605
0.038031
0.020937
0.009416
-0.008674
-0.021654
-0.023753
-0.027664
-0.034817
-0.049603
-0.053392
-0.058520
-0.057467
-0.046436
-0.046598
-0.036016
-0.011791
0.003675
0.024056
0.017003
-0.003277
-0.006549
-0.016407
-0.004189
0.024323
0.044653
0.055161
0.051848
0.051748
0.052913
0.048100
0.050371
0.040582
0.022106
0.012853
0.013146
0.026587
0.046429
0.041038
0.029587
0.018507
-0.008408
-0.014424
-0.027876
-0.049497
-0.049584
-0.061556
-0.056010
-0.052974
-0.064542
-0.088646
-0.102182
-0.105252
-0.072191
-0.031360
0.015602
0.044256
0.053816
0.051826
0.049792
0.043389
0.031424
0.031872
0.011628
0.001223
0.000168
0.014198
0.013043
0.004958
0.000029
-0.001119
0.006695
0.008940
0.006309
0.001287
0.016311
0.019882
0.015521
0.009378
-0.013624
-0.033570
-0.039549
-0.042121
-0.017512
0.011748
0.031263
0.034507
0.041373
0.039227
0.045838
0.032798
0.021036
0.017395
0.012901
0.011454
0.009843
0.006147
-0.017339
-0.045570
-0.065575
-0.077677
-0.084453
-0.078839
-0.079715
-0.065341
-0.059630
-0.041078
-0.005910
0.008994
0.026090
0.055181
0.072196
0.085657
0.105242
0.103511
0.097466
0.081706
0.069589
0.052397
0.018781
-0.016354
-0.042764
-0.053818
-0.041824
-0.037376
-0.014110
-0.000778
-0.022109
-0.046080
-0.065609
-0.086415
-0.098464
-0.096335
-0.083853
-0.050187
-0.037714
-0.017171
-0.000466
-0.006465
-0.016211
-0.020849
-0.005676
0.029400
0.050606
0.069320
0.072508
0.079354
0.095984
0.104216
0.077840
0.062198
0.034321
0.014311
0.004007
0.003441
0.004183
-0.010824
-0.026749
-0.034756
-0.034736
-0.016812
0.005337
0.007248
0.006722
-0.008092
-0.030775
-0.045205
-0.047646
-0.068274
-0.068260
-0.075393
-0.062516
-0.023994
0.012890
0.029386
0.040047
0.057052
0.067898
0.059450
0.041888
0.041664
0.023336
0.018512
0.027240
0.034822
0.035822
0.036835
0.036161
0.024031
0.017146
-0.003200
-0.023764
-0.039167
-0.048134
-0.053654
-0.051371
-0.056145
-0.068412
-0.089448
-0.086728
-0.087532
-0.062361
-0.023971
0.008504
0.026906
0.038203
0.056890
0.051516
0.031276
0.021851
0.020146
0.018093
0.036889
0.052923
0.053208
0.042642
0.020991
-0.013203
-0.026382
-0.047475
-0.050495
-0.064450
-0.077447
-0.072388
-0.070153
-0.050442
-0.031506
-0.010994
-0.004427
-0.002978
0.006796
0.031042
0.057373
0.080744
0.101495
0.110846
0.122562
0.115923
0.103054
0.100549
0.070119
0.052169
0.038308
0.013133
-0.025809
-0.073342
-0.115928
-0.145229
-0.149361
-0.124923
-0.094631
-0.062396
-0.031161
-0.007309
-0.000928
-0.000015
-0.002048
-0.025549
-0.031351
-0.026206
-0.019997
0.003047
0.032781
0.051278
0.082899
0.115503
0.132005
0.126724
0.114291
0.082533
0.029272
-0.005658
-0.023169
-0.031591
-0.048641
-0.056897
-0.079285
-0.102927
-0.113358
-0.106941
-0.097304
-0.071813
-0.032280
-0.003922
0.010743
0.019374
0.021833
0.014713
0.019663
0.023247
0.026956
0.042021
0.047394
0.043854
0.032695
0.012211
-0.007595
-0.012893
-0.009968
-0.006552
-0.004886
-0.003400
0.007264
0.014096
0.016652
0.020986
0.018065
0.009999
-0.006700
-0.008394
-0.003631
0.015341
0.030440
0.032138
0.021461
0.021479
0.010774
0.013183
0.022257
0.012652
0.030099
0.026561
0.026370
0.027379
0.022588
0.016786
0.005429
-0.007883
-0.008202
-0.017075
-0.017199
0.006699
0.032352
0.030788
0.014031
-0.027229
-0.056977
-0.073951
-0.071332
-0.059377
-0.047856
-0.025574
0.003642
0.020674
0.022075
0.015605
0.000910
-0.011436
-0.026394
-0.048980
-0.044691
-0.045039
-0.028133
-0.005316
0.027409
0.054043
0.058502
0.054289
0.037079
0.033275
0.048683
0.059618
0.046885
0.000065
-0.044982
-0.091236
-0.102836
-0.104903
-0.090270
-0.079424
-0.069771
-0.056702
-0.045087
-0.023548
-0.013247
-0.005691
-0.009709
0.009602
0.006934
0.010852
0.019550
0.039202
0.064630
0.092974
0.102078
0.096931
0.092036
0.079884
0.082515
0.088096
0.093594
0.098336
0.066069
0.021159
-0.037195
-0.076700
-0.100886
-0.108804
-0.102180
-0.086034
-0.071486
-0.048530
-0.019532
-0.011624
0.000911
-0.004190
-0.006807
-0.012376
-0.028479
-0.018978
-0.004700
0.023472
0.038333
0.044213
0.036103
0.030623
0.025425
0.024732
0.020882
0.023459
0.034348
0.041363
0.047630
0.044255
0.025648
0.004044
-0.014521
-0.045921
-0.063135
-0.073778
-0.062824
-0.049518
-0.044541
-0.034079
-0.041622
-0.055235
-0.042477
-0.027136
-0.010507
0.003298
0.017317
0.015567
0.003320
-0.025287
-0.036158
-0.050964
-0.052616
-0.026151
0.011002
0.050121
0.073916
0.077162
0.083064
0.065962
0.025469
-0.006373
-0.031337
-0.048759
-0.059263
-0.038466
-0.009559
0.018042
0.039611
0.066917
0.068920
0.051929
0.044155
0.026521
0.005638
0.001410
-0.005229
0.001229
0.022837
0.031388
0.027241
0.023476
0.022570
0.029076
0.054043
0.075886
0.078268
0.062706
0.033298
-0.008814
-0.051066
-0.079729
-0.085436
-0.088622
-0.086355
-0.074803
-0.063815
-0.055040
-0.046888
-0.038051
-0.034254
-0.029831
-0.020614
-0.020945
-0.002466
0.035703
0.062782
0.101245
0.123152
0.113932
0.088816
0.056298
0.035170
0.020503
0.015560
0.006608
-0.020419
-0.044907
-0.061699
-0.082103
-0.105053
-0.123195
-0.117280
-0.105089
-0.086265
-0.075303
-0.062521
-0.050433
-0.032659
-0.024931
-0.030401
-0.030618
-0.014385
0.011749
0.063470
0.098888
0.117274
0.125699
0.105855
0.077704
0.042500
0.025326
0.014224
0.006705
0.023249
0.033486
0.030784
0.022694
0.007572
-0.022017
-0.052139
-0.058650
-0.061846
-0.064226
-0.055508
-0.046465
-0.013472
0.021758
0.043465
0.047411
0.041608
0.035619
0.037970
0.062610
0.082639
0.078794
0.064287
0.041455
0.028253
0.002809
-0.019111
-0.030911
-0.036076
-0.028484
-0.022039
-0.018813
-0.022352
-0.029876
-0.052935
-0.066037
-0.078609
-0.074703
-0.063813
-0.042552
-0.012952
0.020918
0.056444
0.078263
0.075491
0.059190
0.037857
0.008420
-0.009111
-0.016388
-0.020567
-0.020823
-0.021030
-0.027544
-0.037974
-0.050497
-0.046456
-0.043234
-0.012703
0.016019
0.032251
0.027827
0.009572
-0.007216
-0.032648
-0.065300
-0.071735
-0.054780
-0.030190
-0.014586
-0.005666
0.013491
0.033236
0.051500
0.037146
0.008655
-0.022408
-0.047540
-0.050122
-0.024958
0.008244
0.041171
0.059311
0.057515
0.049718
0.052666
0.071062
0.088649
0.096046
0.097942
0.094785
0.070556
0.041719
0.007101
-0.020099
-0.035609
-0.043347
-0.042830
-0.028707
-0.016144
-0.007267
-0.007192
-0.014740
-0.020266
-0.041858
-0.056533
-0.064780
-0.067121
-0.052404
-0.032394
-0.010178
0.015823
0.029545
0.030229
0.024028
0.031297
0.029079
0.040439
0.048210
0.062768
0.057162
0.045418
0.034479
0.005898
-0.025122
-0.052585
-0.067132
-0.078432
-0.084297
-0.088946
-0.075399
-0.053800
-0.042270
-0.028033
-0.028481
-0.025774
-0.013700
-0.001098
0.014049
0.030767
0.051806
0.051312
0.028962
-0.003105
-0.010720
0.009975
0.026185
0.034654
0.035991
0.026723
0.005182
-0.013727
-0.042521
-0.067524
-0.089689
-0.107375
-0.102463
-0.076740
-0.034449
0.013106
0.061635
0.088299
0.097694
0.101006
0.101979
0.093945
0.071902
0.062861
0.056226
0.047279
0.030894
0.001500
-0.010884
-0.026074
-0.017950
0.005671
0.025414
0.041871
0.051857
0.043024
0.019650
-0.013479
-0.044123
-0.063131
-0.081864
-0.096274
-0.104563
-0.084516
-0.052831
-0.022577
0.008951
0.035617
0.057375
0.068670
0.065157
0.049882
0.025292
0.015418
0.007259
0.011962
0.010918
-0.013074
-0.023345
-0.029290
-0.007500
0.018661
0.033924
0.048529
0.040966
0.019856
-0.000401
-0.023197
-0.052850
-0.072602
-0.084623
-0.096380
-0.091294
-0.071490
-0.050409
-0.036147
-0.031540
-0.024181
-0.021762
-0.004759
-0.008530
-0.005433
0.002804
0.008255
0.012471
0.031758
0.040837
0.036602
0.032206
0.027139
0.038740
0.034439
0.047771
0.063904
0.073081
0.068776
0.047553
0.022927
0.015241
0.017052
0.015447
-0.008249
-0.021747
-0.043646
-0.067355
-0.083267
-0.080470
-0.076516
-0.054185
-0.024879
-0.001626
0.024918
0.044509
0.070002
0.094972
0.096072
0.074922
0.050598
0.033618
0.024032
0.022687
0.018219
0.033317
0.028643
0.005301
-0.021243
-0.049988
-0.062685
-0.070743
-0.088551
-0.109592
-0.111653
-0.090224
-0.063172
-0.032702
-0.004668
0.020813
0.033935
0.053753
0.057632
0.059458
0.061277
0.054654
0.044019
0.032468
0.008108
-0.020557
-0.014529
-0.002732
0.016339
0.030348
0.037000
0.016648
-0.008025
-0.036176
-0.060480
-0.082849
-0.092061
-0.096501
-0.095520
-0.106838
-0.092851
-0.073118
-0.041945
-0.001223
0.026613
0.048625
0.070224
0.074605
0.068392
0.063395
0.056118
0.068316
0.069532
0.062741
0.040169
0.016246
0.020283
0.022200
0.028908
0.043710
0.036628
0.012304
-0.008553
-0.034598
-0.047440
-0.051296
-0.047200
-0.024863
-0.017519
-0.010007
0.006270
0.025095
0.033974
0.044739
0.043634
0.039848
0.036989
0.029291
0.019805
0.014019
0.015439
0.011866
0.001154
-0.022149
-0.052536
-0.065384
-0.059117
-0.068479
-0.052611
-0.029606
-0.018652
-0.002570
0.005775
0.004650
0.004690
-0.001336
0.012213
0.008882
-0.006465
-0.008558
-0.010617
-0.015924
-0.018070
-0.013119
-0.002395
0.012870
0.017952
-0.002625
-0.015344
-0.011965
-0.010954
-0.006373
-0.000844
0.002168
-0.004846
0.011546
0.016749
0.025074
0.040404
0.019056
-0.000937
-0.014431
-0.041852
-0.053870
-0.047880
-0.039965
-0.031808
-0.020995
-0.019717
-0.004859
-0.005553
0.000126
0.016986
0.017864
0.023659
0.026464
0.026048
0.020773
0.038105
0.052851
0.054502
0.045728
0.021936
0.011623
0.016465
0.043687
0.056186
0.073112
0.067538
0.047412
0.045288
0.039151
0.027671
0.011562
-0.027945
-0.064017
-0.096406
-0.139622
-0.147176
-0.125417
-0.101635
-0.068897
-0.031854
-0.001623
0.026584
0.028123
0.021155
0.021316
0.032240
0.028020
0.031950
0.017472
0.010502
0.020123
0.056740
0.086019
0.093251
0.110159
0.091661
0.067094
0.032747
-0.020496
-0.063766
-0.102636
-0.123998
-0.117371
-0.108733
-0.105682
-0.085783
-0.074963
-0.045240
-0.015902
0.007843
0.030037
0.034341
0.017143
0.000714
-0.004772
-0.001139
0.011799
0.023175
0.017081
0.024745
0.030814
0.044414
0.043791
0.056364
0.050933
0.046517
0.051371
0.041490
0.024430
0.007228
-0.006181
-0.017529
-0.024169
-0.035405
-0.041688
-0.059180
-0.062036
-0.038506
-0.007254
0.028935
0.050863
0.061412
0.070031
0.062805
0.056729
0.052041
0.046008
0.035915
0.023242
0.009103
-0.008848
-0.022074
-0.026498
-0.016850
-0.019395
-0.012365
-0.006645
-0.023446
-0.037206
-0.057476
-0.051203
-0.051692
-0.065017
-0.080845
-0.100698
-0.098940
-0.063864
-0.014725
0.037424
0.062301
0.069065
0.057600
0.052123
0.053883
0.059172
0.051514
0.029171
-0.002376
-0.024505
-0.031499
-0.024382
-0.018739
0.002863
0.018812
0.032463
0.035243
0.019843
0.015136
-0.015820
-0.040502
-0.067933
-0.093610
-0.097822
-0.107859
-0.104953
-0.064357
-0.026918
0.021517
0.036611
0.039578
0.042551
0.051183
0.049835
0.048648
0.043577
0.048680
0.043208
0.043978
0.049313
0.053223
0.054388
0.059013
0.048049
0.020632
0.007877
-0.004596
-0.003113
-0.002901
0.001926
-0.002516
-0.017854
-0.040345
-0.052526
-0.074792
-0.075798
-0.043983
0.000649
0.037082
0.053587
0.051174
0.056381
0.055484
0.048525
0.035654
0.025214
0.003215
-0.027466
-0.042929
-0.057435
-0.056529
-0.052078
-0.039470
-0.012496
0.011333
0.022099
0.022345
0.018566
0.008828
-0.018494
-0.051031
-0.072971
-0.087544
-0.097955
-0.109942
-0.081552
-0.040888
-0.000304
0.037420
0.039917
0.040773
0.048693
0.054736
0.052715
0.056482
0.066271
0.067230
0.064085
0.061045
0.024809
0.008496
-0.019799
-0.037692
-0.045668
-0.041840
-0.041766
-0.039249
-0.044538
-0.029736
-0.018277
-0.018989
-0.023478
-0.038371
-0.058947
-0.056729
-0.030584
-0.000819
0.037487
0.061989
0.069826
0.080083
0.076805
0.063740
0.060021
0.065873
0.065547
0.058327
0.059550
0.045656
0.044861
0.045708
0.049415
0.045002
0.040361
0.024660
0.010053
-0.007353
-0.013024
-0.030200
-0.065485
-0.099283
-0.115989
-0.137591
-0.142339
-0.119764
-0.084400
-0.040699
0.001514
0.017119
0.030316
0.039086
0.023144
0.004254
-0.007851
-0.012503
-0.005666
0.006214
0.014050
0.009252
0.017248
0.006439
0.000584
0.002592
0.013465
0.026895
0.034998
0.030558
0.018744
-0.008764
-0.043243
-0.064975
-0.077679
-0.085739
-0.069140
-0.038725
-0.011183
0.028301
0.049285
0.050569
0.052745
0.037213
0.020451
0.006914
-0.001144
-0.007344
-0.008969
-0.006473
0.005765
0.014271
0.019128
0.001126
-0.007446
-0.012292
-0.009454
0.010111
0.018728
0.042453
0.045238
0.029848
0.021730
0.002049
-0.029089
-0.042913
-0.038223
-0.004218
0.035646
0.070087
0.089751
0.090387
0.071184
0.029978
0.010202
0.002465
0.010750
0.023170
0.037766
0.050249
0.043366
0.042572
0.016186
-0.005594
-0.017380
-0.027144
-0.029693
-0.047020
-0.062014
-0.053398
-0.071800
-0.095701
-0.112530
-0.135932
-0.137315
-0.123321
-0.077824
-0.018849
0.048126
0.099045
0.106410
0.087596
0.041351
0.002668
-0.029109
-0.030781
-0.028096
-0.017464
0.000398
0.012569
0.032647
0.045464
0.054025
0.067578
0.079721
0.077532
0.065256
0.035040
0.013985
-0.000887
-0.040651
-0.079903
-0.118855
-0.159809
-0.183541
-0.171525
-0.116946
-0.060515
0.009360
0.072316
0.117520
0.129105
0.112343
0.086186
0.061500
0.057125
0.055415
0.065089
0.070149
0.076221
0.072326
0.046235
0.005270
-0.015462
-0.017486
0.004448
0.023586
0.038273
0.043876
0.020292
-0.014638
-0.064442
-0.111489
-0.152291
-0.159606
-0.124427
-0.074102
-0.011837
0.048788
0.080875
0.097377
0.083342
0.061659
0.042840
0.026816
0.016244
0.018271
0.013919
0.011584
0.022918
0.005463
-0.017380
-0.045922
-0.055535
-0.065816
-0.060365
-0.067538
-0.059600
-0.055462
-0.064544
-0.071297
-0.080948
-0.093193
-0.099659
-0.079663
-0.031752
0.028800
0.080708
0.119258
0.127733
0.115657
0.078861
0.055853
0.032000
0.016697
0.004276
0.008577
0.008466
0.029731
0.047876
0.035269
0.005502
-0.016190
-0.043037
-0.050405
-0.050018
-0.048226
-0.024728
-0.018017
-0.016201
-0.022943
-0.046378
-0.066531
-0.073776
-0.045347
0.001288
0.061872
0.108969
0.140008
0.152994
0.116583
0.076637
0.032906
0.010041
-0.002434
-0.009264
-0.004543
-0.021521
-0.003710
-0.002714
-0.013997
-0.011466
-0.004665
0.017264
0.039894
0.050211
0.064771
0.066336
0.050555
0.041791
-0.006482
-0.059843
-0.113270
-0.133977
-0.133766
-0.110606
-0.070300
-0.048733
-0.019703
-0.021830
-0.031288
-0.039464
-0.039847
-0.028633
-0.019763
-0.005961
0.003049
0.024210
0.043076
0.023593
0.008230
0.002836
0.000739
-0.001082
-0.007170
-0.000099
0.013903
0.009803
0.009755
0.014232
0.006886
-0.005511
-0.019289
-0.031729
-0.035511
-0.018825
0.013944
0.046624
0.068052
0.061054
0.035868
0.011932
-0.017760
-0.020442
-0.030216
-0.012418
0.022858
0.054780
0.087464
0.088876
0.085163
0.078534
0.073374
0.041905
-0.000274
-0.033603
-0.062039
-0.081553
-0.090422
-0.095424
-0.105165
-0.112537
-0.097307
-0.057412
0.001791
0.052308
0.094312
0.115974
0.113074
0.099638
0.079729
0.066285
0.070845
0.065731
0.049741
0.026386
0.019816
0.015130
0.005067
-0.009328
-0.021247
-0.030762
-0.040304
-0.062387
-0.085591
-0.108242
-0.128018
-0.126368
-0.114791
-0.114922
-0.112425
-0.107358
-0.103624
-0.081073
-0.049488
0.000348
0.045659
0.081555
0.102234
0.113077
0.106412
0.104716
0.086953
0.057279
0.031522
0.004716
-0.008708
-0.018466
-0.022443
-0.018327
-0.004366
0.000721
-0.009302
-0.016681
-0.021882
-0.029245
-0.015594
0.000098
0.013267
0.015713
0.010047
0.003733
-0.002002
-0.006645
0.010244
0.023351
0.027456
0.030121
0.027365
0.029394
0.038612
0.045656
0.042807
0.033265
0.012971
0.004474
0.011890
0.028708
0.033529
0.039693
0.035792
0.030440
0.026303
0.018184
-0.001170
-0.026548
-0.037906
-0.048637
-0.040947
-0.030339
-0.013671
-0.000290
0.008209
0.019530
0.029207
0.033886
0.041036
0.033793
0.014479
-0.013072
-0.045943
-0.077868
-0.092957
-0.113558
-0.127000
-0.122753
-0.108656
-0.072249
-0.023556
0.024395
0.061976
0.083017
0.079785
0.045996
0.006132
-0.033929
-0.076099
-0.084800
-0.080874
-0.065112
-0.049619
-0.049902
-0.051971
-0.036589
-0.010477
0.011980
0.036631
0.066269
0.091486
0.119217
0.139321
0.138105
0.106154
0.068299
0.022489
-0.006183
-0.016275
-0.024817
-0.019648
-0.008854
-0.001702
0.017763
0.018594
0.011896
0.004729
-0.033990
-0.053752
-0.052204
-0.046281
-0.024910
-0.030186
-0.036399
-0.029194
-0.017362
0.004566
0.024805
0.039939
0.046032
0.055256
0.076007
0.097330
0.111246
0.104822
0.062698
0.018773
-0.006609
-0.020834
-0.018659
-0.008938
-0.001445
-0.009948
-0.022482
-0.042634
-0.069491
-0.086115
-0.085726
-0.067589
-0.044482
-0.022001
-0.009970
-0.003185
-0.002049
-0.006389
-0.010698
-0.021284
-0.030626
-0.036317
-0.032224
-0.005340
0.015424
0.048903
0.050724
0.010419
-0.048558
-0.092495
-0.116172
-0.099671
-0.064586
-0.018787
0.019612
0.038101
0.048015
0.045419
0.030506
-0.002291
-0.027539
-0.030233
-0.022664
-0.010122
0.012673
0.045845
0.067274
0.082283
0.086023
0.089110
0.090354
0.075919
0.071781
0.073298
0.073630
0.064516
0.033497
-0.006854
-0.053109
-0.079559
-0.096336
-0.092589
-0.061151
-0.019151
0.015768
0.039386
0.048645
0.048080
0.040082
0.017409
0.008899
0.003554
-0.003119
-0.005792
-0.011090
-0.010541
-0.006967
-0.009632
-0.027471
-0.044308
-0.042032
-0.022428
0.011468
0.047832
0.080245
0.086160
0.077274
0.044562
0.014745
-0.009382
-0.028450
-0.031361
-0.037129
-0.039500
-0.048346
-0.050629
-0.068425
-0.101280
-0.131567
-0.148163
-0.135818
-0.111849
-0.073802
-0.033193
0.011294
0.039307
0.040765
0.018252
-0.012498
-0.033535
-0.046068
-0.025752
-0.000411
0.032216
0.069523
0.070162
0.066096
0.049329
0.031463
0.015130
0.020092
0.038279
0.059180
0.086071
0.098700
0.104657
0.079182
0.032109
-0.016321
-0.047902
-0.065093
-0.079600
-0.078458
-0.050443
-0.004711
0.036837
0.057577
0.062646
0.061510
0.055481
0.064608
0.078135
0.088195
0.094854
0.080667
0.035084
-0.024122
-0.075573
-0.110684
-0.121720
-0.080218
-0.035571
0.003799
0.023750
0.030663
0.032587
0.026249
0.003370
-0.012751
-0.024711
-0.033114
-0.044797
-0.040681
-0.017509
0.018900
0.028542
0.025238
0.020209
0.004741
-0.007736
-0.005961
0.005126
0.027749
0.040124
0.028525
-0.009285
-0.065667
-0.121963
-0.170997
-0.196093
-0.175492
-0.141700
-0.098802
-0.066011
-0.038000
-0.025735
-0.018799
-0.010449
-0.003279
0.021249
0.043429
0.048316
0.069335
0.094609
0.112788
0.108159
0.082887
0.062471
0.037675
0.024085
0.037253
0.043591
0.061150
0.080700
0.088483
0.067312
0.034737
0.008921
-0.017050
-0.017754
0.002397
0.024927
0.041755
0.035315
0.027488
-0.008033
-0.039062
-0.066409
-0.075079
-0.069754
-0.060250
-0.024198
0.031304
0.086773
0.098603
0.076488
0.053359
0.036270
0.022185
0.026242
0.033743
0.044333
0.038337
0.022915
-0.009752
-0.042693
-0.072812
-0.105967
-0.105513
-0.081518
-0.045080
-0.009592
0.010683
0.024890
0.009395
-0.004422
-0.032582
-0.050628
-0.066213
-0.081958
-0.084211
-0.074908
-0.060417
-0.040012
-0.046917
-0.063317
-0.072367
-0.062338
-0.046878
-0.002030
0.039442
0.069595
0.076969
0.067748
0.040264
-0.000228
-0.038552
-0.066530
-0.055309
-0.042683
-0.028431
-0.013038
0.007234
0.012326
0.018686
0.022787
0.022884
0.022349
0.020024
0.011545
0.013825
0.044870
0.093886
0.116928
0.099251
0.066817
0.045910
0.028583
0.028186
0.045186
0.075910
0.101805
0.092575
0.068925
0.030896
-0.025544
-0.073909
-0.075421
-0.046123
-0.008697
0.023281
0.048023
0.053787
0.023864
-0.007734
-0.044686
-0.064298
-0.056029
-0.045416
-0.029368
0.001695
0.033598
0.056411
0.048468
0.037088
0.013783
0.004164
0.001245
0.012927
0.012133
0.009130
0.007242
-0.006567
-0.032398
-0.066267
-0.106623
-0.125504
-0.108484
-0.071750
-0.033082
-0.012975
-0.006384
-0.015043
-0.038259
-0.070876
-0.081200
-0.083402
-0.068259
-0.060458
-0.055193
-0.033418
-0.008807
-0.001856
-0.013205
-0.022287
-0.026613
-0.005903
0.022445
0.057244
0.068523
0.078170
0.079382
0.078947
0.064585
0.038963
0.006718
-0.015831
-0.024592
-0.014024
0.009389
0.034843
0.065299
0.068205
0.072552
0.065104
0.049862
0.047979
0.041747
0.043482
0.053976
0.072658
0.070110
0.053151
0.019368
-0.034144
-0.065506
-0.057831
-0.031369
0.006390
0.038971
0.065174
0.068586
0.051077
0.015536
-0.022424
-0.042186
-0.040958
-0.020665
-0.010605
-0.000827
-0.006853
-0.024979
-0.053065
-0.071811
-0.072190
-0.065585
-0.061451
-0.047059
-0.033579
-0.006412
0.021412
0.037253
0.046044
0.040371
0.012838
0.012358
0.015194
0.019331
0.019182
0.014185
-0.005119
-0.046105
-0.084263
-0.116717
-0.137330
-0.130949
-0.104901
-0.072805
-0.048838
-0.025265
-0.005346
-0.010235
-0.025149
-0.037529
-0.037693
-0.031182
-0.031691
-0.033131
-0.013117
0.006904
0.024569
0.047361
0.076421
0.094724
0.114492
0.129516
0.138739
0.142323
0.129362
0.117341
0.099150
0.083172
0.055390
0.023897
0.009594
-0.010632
-0.017282
-0.013021
0.001707
0.011492
-0.001946
-0.014728
-0.030293
-0.039274
-0.039291
-0.042295
-0.022738
-0.009005
0.013711
0.035446
0.045769
0.042662
0.022309
-0.005574
-0.010736
-0.009698
0.007125
0.024134
0.026682
0.017437
0.009167
0.013295
0.000260
-0.008330
-0.018240
-0.018156
-0.013830
-0.024745
-0.040924
-0.045852
-0.063742
-0.067458
-0.075549
-0.064259
-0.050579
-0.041191
-0.044550
-0.035382
-0.030997
-0.036035
-0.042040
-0.050238
-0.066423
-0.074257
-0.069912
-0.055509
-0.031406
-0.011933
-0.001136
-0.005816
-0.012893
-0.024461
-0.023739
-0.012750
-0.003361
0.019480
0.038183
0.044747
0.052553
0.050747
0.051909
0.053717
0.062656
0.064175
0.061294
0.044931
0.025808
0.015339
0.014612
0.027151
0.050210
0.068370
0.070412
0.075532
0.083980
0.085639
0.079591
0.067764
0.042107
-0.006325
-0.035329
-0.059569
-0.060237
-0.054665
-0.041975
-0.026831
-0.013813
0.004029
0.018315
0.028044
0.022921
0.012007
-0.004384
-0.006928
-0.010113
-0.021457
-0.022179
-0.040032
-0.034501
-0.021465
-0.017429
-0.012336
0.012220
0.028945
0.035611
0.042015
0.032779
0.010616
-0.018622
-0.031375
-0.032177
-0.034912
-0.043724
-0.046126
-0.037885
-0.038092
-0.049429
-0.051456
-0.067766
-0.083422
-0.103210
-0.106413
-0.106366
-0.092925
-0.073392
-0.051557
-0.035825
-0.017822
0.001156
0.011579
0.008119
0.015271
0.029102
0.038765
0.055812
0.060474
0.062910
0.060821
0.042550
0.038681
0.038450
0.041737
0.058025
0.063994
0.071096
0.054375
0.038012
0.027679
0.022376
0.024640
0.031587
0.046357
0.058550
0.067467
0.052631
0.034427
0.012366
-0.007441
-0.018579
-0.022014
-0.022331
-0.006447
0.009761
0.030749
0.064152
0.075892
0.082070
0.056041
0.032139
0.006509
-0.022855
-0.039500
-0.034776
-0.021924
-0.017698
-0.034362
-0.033254
-0.045633
-0.044728
-0.042067
-0.039141
-0.027010
-0.020613
-0.023277
-0.029957
-0.050240
-0.062017
-0.054970
-0.054824
-0.042204
-0.028696
-0.008954
0.000639
0.019648
0.024926
0.024994
-0.001894
-0.027474
-0.040818
-0.064009
-0.070297
-0.070920
-0.056472
-0.028776
-0.033554
-0.016867
-0.012934
-0.016090
-0.018706
-0.031521
-0.043085
-0.048554
-0.040722
-0.025715
-0.021702
-0.017809
0.001314
0.016920
0.021615
0.028333
0.060279
0.089542
0.112490
0.133839
0.122301
0.105312
0.083592
0.069811
0.059817
0.060910
0.064047
0.070131
0.078849
0.079132
0.056960
0.034134
-0.002040
-0.027941
-0.047219
-0.058599
-0.046526
-0.033419
-0.011169
-0.003691
-0.010363
-0.022960
-0.035006
-0.046805
-0.056381
-0.042538
-0.007191
0.021939
0.047587
0.069339
0.059598
0.037784
0.010954
-0.015861
-0.027949
-0.027672
-0.022380
-0.008854
0.002268
-0.001264
-0.006500
-0.014029
-0.029037
-0.022070
-0.025704
-0.026886
-0.036895
-0.047286
-0.048755
-0.063854
-0.080838
-0.084258
-0.081606
-0.091387
-0.097460
-0.092143
-0.078523
-0.058232
-0.024295
0.004085
0.011462
0.023186
0.017857
0.013743
0.008618
0.003820
0.010468
0.018226
0.019816
0.000036
-0.004309
-0.000898
0.008671
0.025622
0.038354
0.054859
0.074155
0.103399
0.105819
0.097129
0.079600
0.061316
0.032819
0.017671
0.026835
0.047075
0.076378
0.092962
0.111274
0.095046
0.068625
0.038036
-0.003145
-0.029060
-0.035780
-0.031555
-0.020010
-0.008931
-0.004510
-0.003913
-0.005418
-0.027727
-0.038772
-0.049409
-0.059635
-0.055578
-0.044831
-0.024890
-0.015252
-0.020912
-0.032119
-0.046511
-0.050433
-0.040898
-0.009573
0.029640
0.046373
0.057969
0.058373
0.042633
0.028699
0.002931
-0.016952
-0.024343
-0.027166
-0.031582
-0.038309
-0.038579
-0.058257
-0.071666
-0.077181
-0.089382
-0.090443
-0.099180
-0.102006
-0.099483
-0.077891
-0.062884
-0.057021
-0.038637
-0.031073
-0.021881
-0.016294
0.002356
0.023496
0.037751
0.033432
0.041190
0.034505
0.050386
0.066938
0.070900
0.072458
0.081992
0.087951
0.094732
0.091968
0.082866
0.058231
0.040787
0.016034
0.015037
0.024803
0.022041
0.023949
0.042135
0.054850
0.048102
0.034941
0.017980
-0.007062
-0.034676
-0.060910
-0.052605
-0.034583
-0.009088
0.022218
0.048765
0.052981
0.047971
0.016682
-0.009148
-0.023358
-0.018169
0.005669
0.017914
0.029459
0.016416
0.005803
-0.006092
-0.021614
-0.030222
-0.034136
-0.042979
-0.041630
-0.042792
-0.044180
-0.042774
-0.037520
-0.036415
-0.027672
-0.029604
-0.031123
-0.026651
-0.017053
-0.017559
-0.021097
-0.031756
-0.051502
-0.061670
-0.061153
-0.049218
-0.039443
-0.024803
-0.028290
-0.014056
-0.009729
-0.014807
-0.000738
0.003032
0.005243
0.006930
-0.005585
-0.020737
-0.036587
-0.039518
-0.043981
-0.037920
-0.030427
-0.015511
-0.002111
0.003410
0.026165
0.060331
0.099129
0.129449
0.144055
0.145965
0.139515
0.113733
0.096897
0.079812
0.064777
0.063998
0.058181
0.060411
0.038136
0.030038
0.024013
0.017434
0.017076
0.002972
-0.028349
-0.056981
-0.063767
-0.060117
-0.058331
-0.051189
-0.058933
-0.066068
-0.064108
-0.065648
-0.046474
-0.004423
0.028884
0.049142
0.056605
0.045165
0.032371
0.023186
0.014912
0.007531
0.008877
0.005987
0.005048
-0.016943
-0.025059
-0.028216
-0.035652
-0.034355
-0.032825
-0.045951
-0.065939
-0.085944
-0.087509
-0.082184
-0.068761
-0.059173
-0.045718
-0.038808
-0.041109
-0.038264
-0.024892
-0.012239
-0.008392
0.003322
0.007326
0.010893
0.019356
0.026080
0.025328
0.016159
-0.005489
-0.026447
-0.039365
-0.050980
-0.044931
-0.027011
-0.020226
0.006044
0.028394
0.030734
0.021802
0.029766
0.049256
0.069262
0.089474
0.094798
0.087441
0.075984
0.056931
0.061350
0.089044
0.105535
0.110379
0.114453
0.095678
0.079841
0.066886
0.044403
0.008052
-0.027605
-0.045226
-0.055876
-0.057759
-0.050649
-0.044996
-0.041226
-0.040764
-0.022840
-0.020884
-0.026587
-0.043663
-0.053188
-0.051717
-0.051718
-0.033607
-0.028733
-0.013911
-0.007706
-0.005779
0.007887
0.025661
0.021272
0.027420
0.023824
0.028388
0.031472
0.034691
0.020628
0.003381
-0.006149
-0.030983
-0.049320
-0.058062
-0.074799
-0.075694
-0.072087
-0.070008
-0.058996
-0.060229
-0.072186
-0.086153
-0.086971
-0.074855
-0.054241
-0.026828
-0.015813
-0.006531
-0.015127
-0.029669
-0.017332
-0.007137
0.008453
0.038335
0.061731
0.072885
0.074677
0.086240
0.084017
0.086763
0.084095
0.075889
0.069970
0.070337
0.077241
0.084093
0.071487
0.066110
0.053468
0.013925
-0.011178
-0.033714
-0.036376
-0.039176
-0.017117
0.004628
0.017709
0.025570
0.022283
0.022454
0.029912
0.033804
0.029296
0.017902
0.009982
0.007870
0.010637
0.016490
0.011435
0.005677
-0.015779
-0.052825
-0.064483
-0.074190
-0.068355
-0.054466
-0.040605
-0.024131
-0.037908
-0.049100
-0.046383
-0.042120
-0.037816
-0.017761
0.000960
0.002089
0.001642
-0.004266
-0.010725
0.000685
0.014156
0.014772
0.017264
0.010982
0.018809
0.021283
0.015630
-0.001773
-0.022457
-0.057023
-0.099712
-0.122918
-0.128981
-0.116729
-0.087550
-0.062986
-0.038585
-0.023651
-0.032487
-0.028896
-0.030455
-0.022204
-0.012430
0.014179
0.042846
0.070285
0.085206
0.098254
0.102380
0.117941
0.118119
0.104573
0.099595
0.104137
0.103668
0.099627
0.087881
0.066105
0.041924
0.020725
0.004484
-0.005773
-0.010525
-0.013749
-0.000705
-0.001263
0.001891
-0.002928
-0.016228
-0.026274
-0.038655
-0.053260
-0.059140
-0.043049
-0.012681
0.011531
0.039392
0.048729
0.046980
0.036415
0.008451
-0.019523
-0.044498
-0.043828
-0.030766
-0.011731
-0.007634
0.000441
-0.012297
-0.018653
-0.027302
-0.040387
-0.043876
-0.029843
-0.029621
-0.022839
-0.023922
-0.037883
-0.040799
-0.051435
-0.061106
-0.081153
-0.073156
-0.058504
-0.032159
-0.029880
-0.012673
-0.010486
-0.005679
0.001848
0.005010
0.007101
0.011610
0.028530
0.045770
0.048636
0.049328
0.025846
-0.006250
-0.039875
-0.057659
-0.066413
-0.052000
-0.012145
0.016476
0.037183
0.043789
0.044708
0.041837
0.022498
-0.003064
-0.015575
-0.006697
0.001762
0.020399
0.048612
0.078715
0.107345
0.131987
0.131300
0.109645
0.092813
0.072412
0.080503
0.085196
0.079003
0.060714
0.033966
0.006952
-0.033561
-0.074449
-0.099424
-0.111852
-0.109857
-0.094035
-0.071863
-0.076012
-0.063564
-0.065794
-0.068086
-0.062438
-0.057629
-0.035508
-0.011619
0.005738
0.031826
0.056085
0.071282
0.077858
0.068243
0.050717
0.044701
0.054259
0.075526
0.081945
0.055403
0.018165
-0.039792
-0.086830
-0.127680
-0.152464
-0.160384
-0.140492
-0.121281
-0.054275
